./buscaR/busca.001.jpg 035 094 112 067 026 068 036 079 118 080
./buscaR/busca.002.jpg 075 117 025 047 037 010 066 019 006 048
./buscaR/busca.003.jpg 037 072 112 120 040 006 095 015 065 021
./buscaR/busca.004.jpg 037 094 029 106 113 104 117 119 064 051
./buscaR/busca.005.jpg 094 111 015 079 077 016 063 106 108 009
./buscaR/busca.006.jpg 081 051 114 117 021 106 032 112 105 094
./buscaR/busca.007.jpg 015 011 006 077 069 063 056 068 109 043
./buscaR/busca.008.jpg 037 068 077 079 094 072 003 102 048 071
./buscaR/busca.009.jpg 094 077 044 071 015 010 113 111 108 040
./buscaR/busca.010.jpg 019 037 053 106 007 117 060 051 090 110
