./buscaR/busca.001.jpg 110 010 033 075 039 062 041 089 030 050
./buscaR/busca.002.jpg 112 002 064 063 066 097 031 091 051 098
./buscaR/busca.003.jpg 083 008 092 048 096 026 056 093 043 110
./buscaR/busca.004.jpg 031 095 009 086 005 112 113 013 062 116
./buscaR/busca.005.jpg 062 058 103 110 013 102 056 044 020 074
./buscaR/busca.006.jpg 100 096 104 055 082 018 057 008 030 113
./buscaR/busca.007.jpg 103 084 119 030 059 058 035 006 089 057
./buscaR/busca.008.jpg 120 008 025 057 019 013 111 102 058 056
./buscaR/busca.009.jpg 076 118 018 074 086 031 064 058 084 089
./buscaR/busca.010.jpg 030 016 119 001 095 029 113 003 020 072
