./buscaR/busca.001.jpg 109 107 009 108 112 097 010 090 098 080
./buscaR/busca.002.jpg 098 097 010 096 005 016 095 004 009 076
./buscaR/busca.003.jpg 086 008 013 014 092 085 055 056 090 057
./buscaR/busca.004.jpg 095 005 096 016 098 010 004 075 097 058
./buscaR/busca.005.jpg 011 015 006 091 103 102 022 104 099 100
./buscaR/busca.006.jpg 104 022 102 011 100 099 103 101 015 020
./buscaR/busca.007.jpg 101 100 102 020 022 099 103 104 015 073
./buscaR/busca.008.jpg 007 003 017 019 012 082 105 106 081 053
./buscaR/busca.009.jpg 093 118 094 018 099 100 001 070 004 011
./buscaR/busca.010.jpg 106 021 105 012 019 091 056 017 081 082
