THRESH TP FP TN FN ESPECIFICIDADE SENSITIVIDADE PRECISAO
0.000000 100.000000 1090.000000 0.000000 0.000000 0.000000 1.000000 0.084034
0.001000 100.000000 1090.000000 0.000000 0.000000 0.000000 1.000000 0.084034
0.002000 100.000000 1090.000000 0.000000 0.000000 0.000000 1.000000 0.084034
0.003000 100.000000 1090.000000 0.000000 0.000000 0.000000 1.000000 0.084034
0.004000 100.000000 1090.000000 0.000000 0.000000 0.000000 1.000000 0.084034
0.005000 100.000000 1090.000000 0.000000 0.000000 0.000000 1.000000 0.084034
0.006000 100.000000 1090.000000 0.000000 0.000000 0.000000 1.000000 0.084034
0.007000 100.000000 1090.000000 0.000000 0.000000 0.000000 1.000000 0.084034
0.008000 100.000000 1090.000000 0.000000 0.000000 0.000000 1.000000 0.084034
0.009000 100.000000 1090.000000 0.000000 0.000000 0.000000 1.000000 0.084034
0.010000 100.000000 1090.000000 0.000000 0.000000 0.000000 1.000000 0.084034
0.011000 100.000000 1090.000000 0.000000 0.000000 0.000000 1.000000 0.084034
0.012000 100.000000 1090.000000 0.000000 0.000000 0.000000 1.000000 0.084034
0.013000 100.000000 1090.000000 0.000000 0.000000 0.000000 1.000000 0.084034
0.014000 100.000000 1090.000000 0.000000 0.000000 0.000000 1.000000 0.084034
0.015000 100.000000 1090.000000 0.000000 0.000000 0.000000 1.000000 0.084034
0.016000 100.000000 1090.000000 0.000000 0.000000 0.000000 1.000000 0.084034
0.017000 100.000000 1090.000000 0.000000 0.000000 0.000000 1.000000 0.084034
0.018000 100.000000 1090.000000 0.000000 0.000000 0.000000 1.000000 0.084034
0.019000 100.000000 1090.000000 0.000000 0.000000 0.000000 1.000000 0.084034
0.020000 100.000000 1090.000000 0.000000 0.000000 0.000000 1.000000 0.084034
0.021000 100.000000 1090.000000 0.000000 0.000000 0.000000 1.000000 0.084034
0.022000 100.000000 1090.000000 0.000000 0.000000 0.000000 1.000000 0.084034
0.023000 100.000000 1090.000000 0.000000 0.000000 0.000000 1.000000 0.084034
0.024000 100.000000 1090.000000 0.000000 0.000000 0.000000 1.000000 0.084034
0.025000 100.000000 1090.000000 0.000000 0.000000 0.000000 1.000000 0.084034
0.026000 100.000000 1090.000000 0.000000 0.000000 0.000000 1.000000 0.084034
0.027000 100.000000 1090.000000 0.000000 0.000000 0.000000 1.000000 0.084034
0.028000 100.000000 1090.000000 0.000000 0.000000 0.000000 1.000000 0.084034
0.029000 100.000000 1090.000000 0.000000 0.000000 0.000000 1.000000 0.084034
0.030000 100.000000 1090.000000 0.000000 0.000000 0.000000 1.000000 0.084034
0.031000 100.000000 1090.000000 0.000000 0.000000 0.000000 1.000000 0.084034
0.032000 100.000000 1090.000000 0.000000 0.000000 0.000000 1.000000 0.084034
0.033000 100.000000 1090.000000 0.000000 0.000000 0.000000 1.000000 0.084034
0.034000 100.000000 1090.000000 0.000000 0.000000 0.000000 1.000000 0.084034
0.035000 100.000000 1090.000000 0.000000 0.000000 0.000000 1.000000 0.084034
0.036000 100.000000 1090.000000 0.000000 0.000000 0.000000 1.000000 0.084034
0.037000 100.000000 1090.000000 0.000000 0.000000 0.000000 1.000000 0.084034
0.038000 100.000000 1090.000000 0.000000 0.000000 0.000000 1.000000 0.084034
0.039000 100.000000 1090.000000 0.000000 0.000000 0.000000 1.000000 0.084034
0.040000 100.000000 1090.000000 0.000000 0.000000 0.000000 1.000000 0.084034
0.041000 100.000000 1090.000000 0.000000 0.000000 0.000000 1.000000 0.084034
0.042000 100.000000 1090.000000 0.000000 0.000000 0.000000 1.000000 0.084034
0.043000 100.000000 1090.000000 0.000000 0.000000 0.000000 1.000000 0.084034
0.044000 100.000000 1090.000000 0.000000 0.000000 0.000000 1.000000 0.084034
0.045000 100.000000 1090.000000 0.000000 0.000000 0.000000 1.000000 0.084034
0.046000 100.000000 1090.000000 0.000000 0.000000 0.000000 1.000000 0.084034
0.047000 100.000000 1090.000000 0.000000 0.000000 0.000000 1.000000 0.084034
0.048000 100.000000 1090.000000 0.000000 0.000000 0.000000 1.000000 0.084034
0.049000 100.000000 1090.000000 0.000000 0.000000 0.000000 1.000000 0.084034
0.050000 100.000000 1090.000000 0.000000 0.000000 0.000000 1.000000 0.084034
0.051000 100.000000 1090.000000 0.000000 0.000000 0.000000 1.000000 0.084034
0.052000 100.000000 1090.000000 0.000000 0.000000 0.000000 1.000000 0.084034
0.053000 100.000000 1090.000000 0.000000 0.000000 0.000000 1.000000 0.084034
0.054000 100.000000 1090.000000 0.000000 0.000000 0.000000 1.000000 0.084034
0.055000 100.000000 1090.000000 0.000000 0.000000 0.000000 1.000000 0.084034
0.056000 100.000000 1090.000000 0.000000 0.000000 0.000000 1.000000 0.084034
0.057000 100.000000 1090.000000 0.000000 0.000000 0.000000 1.000000 0.084034
0.058000 100.000000 1090.000000 0.000000 0.000000 0.000000 1.000000 0.084034
0.059000 100.000000 1090.000000 0.000000 0.000000 0.000000 1.000000 0.084034
0.060000 100.000000 1090.000000 0.000000 0.000000 0.000000 1.000000 0.084034
0.061000 100.000000 1090.000000 0.000000 0.000000 0.000000 1.000000 0.084034
0.062000 100.000000 1090.000000 0.000000 0.000000 0.000000 1.000000 0.084034
0.063000 100.000000 1090.000000 0.000000 0.000000 0.000000 1.000000 0.084034
0.064000 100.000000 1090.000000 0.000000 0.000000 0.000000 1.000000 0.084034
0.065000 100.000000 1090.000000 0.000000 0.000000 0.000000 1.000000 0.084034
0.066000 100.000000 1090.000000 0.000000 0.000000 0.000000 1.000000 0.084034
0.067000 100.000000 1090.000000 0.000000 0.000000 0.000000 1.000000 0.084034
0.068000 100.000000 1090.000000 0.000000 0.000000 0.000000 1.000000 0.084034
0.069000 100.000000 1090.000000 0.000000 0.000000 0.000000 1.000000 0.084034
0.070000 100.000000 1090.000000 0.000000 0.000000 0.000000 1.000000 0.084034
0.071000 100.000000 1090.000000 0.000000 0.000000 0.000000 1.000000 0.084034
0.072000 100.000000 1090.000000 0.000000 0.000000 0.000000 1.000000 0.084034
0.073000 100.000000 1090.000000 0.000000 0.000000 0.000000 1.000000 0.084034
0.074000 100.000000 1090.000000 0.000000 0.000000 0.000000 1.000000 0.084034
0.075000 100.000000 1090.000000 0.000000 0.000000 0.000000 1.000000 0.084034
0.076000 100.000000 1090.000000 0.000000 0.000000 0.000000 1.000000 0.084034
0.077000 100.000000 1090.000000 0.000000 0.000000 0.000000 1.000000 0.084034
0.078000 100.000000 1090.000000 0.000000 0.000000 0.000000 1.000000 0.084034
0.079000 100.000000 1090.000000 0.000000 0.000000 0.000000 1.000000 0.084034
0.080000 100.000000 1090.000000 0.000000 0.000000 0.000000 1.000000 0.084034
0.081000 100.000000 1090.000000 0.000000 0.000000 0.000000 1.000000 0.084034
0.082000 100.000000 1090.000000 0.000000 0.000000 0.000000 1.000000 0.084034
0.083000 100.000000 1090.000000 0.000000 0.000000 0.000000 1.000000 0.084034
0.084000 100.000000 1090.000000 0.000000 0.000000 0.000000 1.000000 0.084034
0.085000 100.000000 1090.000000 0.000000 0.000000 0.000000 1.000000 0.084034
0.086000 100.000000 1090.000000 0.000000 0.000000 0.000000 1.000000 0.084034
0.087000 100.000000 1090.000000 0.000000 0.000000 0.000000 1.000000 0.084034
0.088000 100.000000 1090.000000 0.000000 0.000000 0.000000 1.000000 0.084034
0.089000 100.000000 1090.000000 0.000000 0.000000 0.000000 1.000000 0.084034
0.090000 100.000000 1090.000000 0.000000 0.000000 0.000000 1.000000 0.084034
0.091000 100.000000 1090.000000 0.000000 0.000000 0.000000 1.000000 0.084034
0.092000 100.000000 1090.000000 0.000000 0.000000 0.000000 1.000000 0.084034
0.093000 100.000000 1090.000000 0.000000 0.000000 0.000000 1.000000 0.084034
0.094000 100.000000 1090.000000 0.000000 0.000000 0.000000 1.000000 0.084034
0.095000 100.000000 1090.000000 0.000000 0.000000 0.000000 1.000000 0.084034
0.096000 100.000000 1090.000000 0.000000 0.000000 0.000000 1.000000 0.084034
0.097000 100.000000 1090.000000 0.000000 0.000000 0.000000 1.000000 0.084034
0.098000 100.000000 1090.000000 0.000000 0.000000 0.000000 1.000000 0.084034
0.099000 100.000000 1090.000000 0.000000 0.000000 0.000000 1.000000 0.084034
0.100000 100.000000 1090.000000 0.000000 0.000000 0.000000 1.000000 0.084034
0.101000 100.000000 1090.000000 0.000000 0.000000 0.000000 1.000000 0.084034
0.102000 100.000000 1090.000000 0.000000 0.000000 0.000000 1.000000 0.084034
0.103000 100.000000 1090.000000 0.000000 0.000000 0.000000 1.000000 0.084034
0.104000 100.000000 1090.000000 0.000000 0.000000 0.000000 1.000000 0.084034
0.105000 100.000000 1090.000000 0.000000 0.000000 0.000000 1.000000 0.084034
0.106000 100.000000 1090.000000 0.000000 0.000000 0.000000 1.000000 0.084034
0.107000 100.000000 1090.000000 0.000000 0.000000 0.000000 1.000000 0.084034
0.108000 100.000000 1090.000000 0.000000 0.000000 0.000000 1.000000 0.084034
0.109000 100.000000 1090.000000 0.000000 0.000000 0.000000 1.000000 0.084034
0.110000 100.000000 1090.000000 0.000000 0.000000 0.000000 1.000000 0.084034
0.111000 100.000000 1090.000000 0.000000 0.000000 0.000000 1.000000 0.084034
0.112000 100.000000 1090.000000 0.000000 0.000000 0.000000 1.000000 0.084034
0.113000 100.000000 1090.000000 0.000000 0.000000 0.000000 1.000000 0.084034
0.114000 100.000000 1090.000000 0.000000 0.000000 0.000000 1.000000 0.084034
0.115000 100.000000 1090.000000 0.000000 0.000000 0.000000 1.000000 0.084034
0.116000 100.000000 1090.000000 0.000000 0.000000 0.000000 1.000000 0.084034
0.117000 100.000000 1090.000000 0.000000 0.000000 0.000000 1.000000 0.084034
0.118000 100.000000 1090.000000 0.000000 0.000000 0.000000 1.000000 0.084034
0.119000 100.000000 1090.000000 0.000000 0.000000 0.000000 1.000000 0.084034
0.120000 100.000000 1090.000000 0.000000 0.000000 0.000000 1.000000 0.084034
0.121000 100.000000 1090.000000 0.000000 0.000000 0.000000 1.000000 0.084034
0.122000 100.000000 1090.000000 0.000000 0.000000 0.000000 1.000000 0.084034
0.123000 100.000000 1090.000000 0.000000 0.000000 0.000000 1.000000 0.084034
0.124000 100.000000 1090.000000 0.000000 0.000000 0.000000 1.000000 0.084034
0.125000 100.000000 1090.000000 0.000000 0.000000 0.000000 1.000000 0.084034
0.126000 100.000000 1090.000000 0.000000 0.000000 0.000000 1.000000 0.084034
0.127000 100.000000 1090.000000 0.000000 0.000000 0.000000 1.000000 0.084034
0.128000 100.000000 1090.000000 0.000000 0.000000 0.000000 1.000000 0.084034
0.129000 100.000000 1090.000000 0.000000 0.000000 0.000000 1.000000 0.084034
0.130000 100.000000 1090.000000 0.000000 0.000000 0.000000 1.000000 0.084034
0.131000 100.000000 1090.000000 0.000000 0.000000 0.000000 1.000000 0.084034
0.132000 100.000000 1090.000000 0.000000 0.000000 0.000000 1.000000 0.084034
0.133000 100.000000 1090.000000 0.000000 0.000000 0.000000 1.000000 0.084034
0.134000 100.000000 1090.000000 0.000000 0.000000 0.000000 1.000000 0.084034
0.135000 100.000000 1090.000000 0.000000 0.000000 0.000000 1.000000 0.084034
0.136000 100.000000 1090.000000 0.000000 0.000000 0.000000 1.000000 0.084034
0.137000 100.000000 1090.000000 0.000000 0.000000 0.000000 1.000000 0.084034
0.138000 100.000000 1090.000000 0.000000 0.000000 0.000000 1.000000 0.084034
0.139000 100.000000 1090.000000 0.000000 0.000000 0.000000 1.000000 0.084034
0.140000 100.000000 1090.000000 0.000000 0.000000 0.000000 1.000000 0.084034
0.141000 100.000000 1090.000000 0.000000 0.000000 0.000000 1.000000 0.084034
0.142000 100.000000 1090.000000 0.000000 0.000000 0.000000 1.000000 0.084034
0.143000 100.000000 1090.000000 0.000000 0.000000 0.000000 1.000000 0.084034
0.144000 100.000000 1090.000000 0.000000 0.000000 0.000000 1.000000 0.084034
0.145000 100.000000 1090.000000 0.000000 0.000000 0.000000 1.000000 0.084034
0.146000 100.000000 1090.000000 0.000000 0.000000 0.000000 1.000000 0.084034
0.147000 100.000000 1090.000000 0.000000 0.000000 0.000000 1.000000 0.084034
0.148000 100.000000 1090.000000 0.000000 0.000000 0.000000 1.000000 0.084034
0.149000 100.000000 1090.000000 0.000000 0.000000 0.000000 1.000000 0.084034
0.150000 100.000000 1090.000000 0.000000 0.000000 0.000000 1.000000 0.084034
0.151000 100.000000 1090.000000 0.000000 0.000000 0.000000 1.000000 0.084034
0.152000 100.000000 1090.000000 0.000000 0.000000 0.000000 1.000000 0.084034
0.153000 100.000000 1090.000000 0.000000 0.000000 0.000000 1.000000 0.084034
0.154000 100.000000 1090.000000 0.000000 0.000000 0.000000 1.000000 0.084034
0.155000 100.000000 1090.000000 0.000000 0.000000 0.000000 1.000000 0.084034
0.156000 100.000000 1090.000000 0.000000 0.000000 0.000000 1.000000 0.084034
0.157000 100.000000 1090.000000 0.000000 0.000000 0.000000 1.000000 0.084034
0.158000 100.000000 1090.000000 0.000000 0.000000 0.000000 1.000000 0.084034
0.159000 100.000000 1090.000000 0.000000 0.000000 0.000000 1.000000 0.084034
0.160000 100.000000 1090.000000 0.000000 0.000000 0.000000 1.000000 0.084034
0.161000 100.000000 1090.000000 0.000000 0.000000 0.000000 1.000000 0.084034
0.162000 100.000000 1090.000000 0.000000 0.000000 0.000000 1.000000 0.084034
0.163000 100.000000 1090.000000 0.000000 0.000000 0.000000 1.000000 0.084034
0.164000 100.000000 1090.000000 0.000000 0.000000 0.000000 1.000000 0.084034
0.165000 100.000000 1090.000000 0.000000 0.000000 0.000000 1.000000 0.084034
0.166000 100.000000 1090.000000 0.000000 0.000000 0.000000 1.000000 0.084034
0.167000 100.000000 1090.000000 0.000000 0.000000 0.000000 1.000000 0.084034
0.168000 100.000000 1090.000000 0.000000 0.000000 0.000000 1.000000 0.084034
0.169000 100.000000 1090.000000 0.000000 0.000000 0.000000 1.000000 0.084034
0.170000 100.000000 1090.000000 0.000000 0.000000 0.000000 1.000000 0.084034
0.171000 100.000000 1090.000000 0.000000 0.000000 0.000000 1.000000 0.084034
0.172000 100.000000 1090.000000 0.000000 0.000000 0.000000 1.000000 0.084034
0.173000 100.000000 1090.000000 0.000000 0.000000 0.000000 1.000000 0.084034
0.174000 100.000000 1090.000000 0.000000 0.000000 0.000000 1.000000 0.084034
0.175000 100.000000 1090.000000 0.000000 0.000000 0.000000 1.000000 0.084034
0.176000 100.000000 1090.000000 0.000000 0.000000 0.000000 1.000000 0.084034
0.177000 100.000000 1090.000000 0.000000 0.000000 0.000000 1.000000 0.084034
0.178000 100.000000 1090.000000 0.000000 0.000000 0.000000 1.000000 0.084034
0.179000 100.000000 1090.000000 0.000000 0.000000 0.000000 1.000000 0.084034
0.180000 100.000000 1090.000000 0.000000 0.000000 0.000000 1.000000 0.084034
0.181000 100.000000 1090.000000 0.000000 0.000000 0.000000 1.000000 0.084034
0.182000 100.000000 1090.000000 0.000000 0.000000 0.000000 1.000000 0.084034
0.183000 100.000000 1090.000000 0.000000 0.000000 0.000000 1.000000 0.084034
0.184000 100.000000 1090.000000 0.000000 0.000000 0.000000 1.000000 0.084034
0.185000 100.000000 1090.000000 0.000000 0.000000 0.000000 1.000000 0.084034
0.186000 100.000000 1090.000000 0.000000 0.000000 0.000000 1.000000 0.084034
0.187000 100.000000 1090.000000 0.000000 0.000000 0.000000 1.000000 0.084034
0.188000 100.000000 1090.000000 0.000000 0.000000 0.000000 1.000000 0.084034
0.189000 100.000000 1090.000000 0.000000 0.000000 0.000000 1.000000 0.084034
0.190000 100.000000 1090.000000 0.000000 0.000000 0.000000 1.000000 0.084034
0.191000 100.000000 1090.000000 0.000000 0.000000 0.000000 1.000000 0.084034
0.192000 100.000000 1090.000000 0.000000 0.000000 0.000000 1.000000 0.084034
0.193000 100.000000 1090.000000 0.000000 0.000000 0.000000 1.000000 0.084034
0.194000 100.000000 1090.000000 0.000000 0.000000 0.000000 1.000000 0.084034
0.195000 100.000000 1090.000000 0.000000 0.000000 0.000000 1.000000 0.084034
0.196000 100.000000 1090.000000 0.000000 0.000000 0.000000 1.000000 0.084034
0.197000 100.000000 1090.000000 0.000000 0.000000 0.000000 1.000000 0.084034
0.198000 100.000000 1090.000000 0.000000 0.000000 0.000000 1.000000 0.084034
0.199000 100.000000 1090.000000 0.000000 0.000000 0.000000 1.000000 0.084034
0.200000 100.000000 1090.000000 0.000000 0.000000 0.000000 1.000000 0.084034
0.201000 100.000000 1090.000000 0.000000 0.000000 0.000000 1.000000 0.084034
0.202000 100.000000 1090.000000 0.000000 0.000000 0.000000 1.000000 0.084034
0.203000 100.000000 1090.000000 0.000000 0.000000 0.000000 1.000000 0.084034
0.204000 100.000000 1090.000000 0.000000 0.000000 0.000000 1.000000 0.084034
0.205000 100.000000 1090.000000 0.000000 0.000000 0.000000 1.000000 0.084034
0.206000 100.000000 1090.000000 0.000000 0.000000 0.000000 1.000000 0.084034
0.207000 100.000000 1090.000000 0.000000 0.000000 0.000000 1.000000 0.084034
0.208000 100.000000 1090.000000 0.000000 0.000000 0.000000 1.000000 0.084034
0.209000 100.000000 1090.000000 0.000000 0.000000 0.000000 1.000000 0.084034
0.210000 100.000000 1090.000000 0.000000 0.000000 0.000000 1.000000 0.084034
0.211000 100.000000 1090.000000 0.000000 0.000000 0.000000 1.000000 0.084034
0.212000 100.000000 1090.000000 0.000000 0.000000 0.000000 1.000000 0.084034
0.213000 100.000000 1090.000000 0.000000 0.000000 0.000000 1.000000 0.084034
0.214000 100.000000 1090.000000 0.000000 0.000000 0.000000 1.000000 0.084034
0.215000 100.000000 1090.000000 0.000000 0.000000 0.000000 1.000000 0.084034
0.216000 100.000000 1090.000000 0.000000 0.000000 0.000000 1.000000 0.084034
0.217000 100.000000 1090.000000 0.000000 0.000000 0.000000 1.000000 0.084034
0.218000 100.000000 1090.000000 0.000000 0.000000 0.000000 1.000000 0.084034
0.219000 100.000000 1090.000000 0.000000 0.000000 0.000000 1.000000 0.084034
0.220000 100.000000 1090.000000 0.000000 0.000000 0.000000 1.000000 0.084034
0.221000 100.000000 1090.000000 0.000000 0.000000 0.000000 1.000000 0.084034
0.222000 100.000000 1090.000000 0.000000 0.000000 0.000000 1.000000 0.084034
0.223000 100.000000 1090.000000 0.000000 0.000000 0.000000 1.000000 0.084034
0.224000 100.000000 1090.000000 0.000000 0.000000 0.000000 1.000000 0.084034
0.225000 100.000000 1090.000000 0.000000 0.000000 0.000000 1.000000 0.084034
0.226000 100.000000 1090.000000 0.000000 0.000000 0.000000 1.000000 0.084034
0.227000 100.000000 1090.000000 0.000000 0.000000 0.000000 1.000000 0.084034
0.228000 100.000000 1090.000000 0.000000 0.000000 0.000000 1.000000 0.084034
0.229000 100.000000 1090.000000 0.000000 0.000000 0.000000 1.000000 0.084034
0.230000 100.000000 1090.000000 0.000000 0.000000 0.000000 1.000000 0.084034
0.231000 100.000000 1090.000000 0.000000 0.000000 0.000000 1.000000 0.084034
0.232000 100.000000 1090.000000 0.000000 0.000000 0.000000 1.000000 0.084034
0.233000 100.000000 1090.000000 0.000000 0.000000 0.000000 1.000000 0.084034
0.234000 100.000000 1090.000000 0.000000 0.000000 0.000000 1.000000 0.084034
0.235000 100.000000 1090.000000 0.000000 0.000000 0.000000 1.000000 0.084034
0.236000 100.000000 1090.000000 0.000000 0.000000 0.000000 1.000000 0.084034
0.237000 100.000000 1090.000000 0.000000 0.000000 0.000000 1.000000 0.084034
0.238000 100.000000 1090.000000 0.000000 0.000000 0.000000 1.000000 0.084034
0.239000 100.000000 1090.000000 0.000000 0.000000 0.000000 1.000000 0.084034
0.240000 100.000000 1090.000000 0.000000 0.000000 0.000000 1.000000 0.084034
0.241000 100.000000 1090.000000 0.000000 0.000000 0.000000 1.000000 0.084034
0.242000 100.000000 1090.000000 0.000000 0.000000 0.000000 1.000000 0.084034
0.243000 100.000000 1090.000000 0.000000 0.000000 0.000000 1.000000 0.084034
0.244000 100.000000 1090.000000 0.000000 0.000000 0.000000 1.000000 0.084034
0.245000 100.000000 1090.000000 0.000000 0.000000 0.000000 1.000000 0.084034
0.246000 100.000000 1090.000000 0.000000 0.000000 0.000000 1.000000 0.084034
0.247000 100.000000 1090.000000 0.000000 0.000000 0.000000 1.000000 0.084034
0.248000 100.000000 1090.000000 0.000000 0.000000 0.000000 1.000000 0.084034
0.249000 100.000000 1090.000000 0.000000 0.000000 0.000000 1.000000 0.084034
0.250000 100.000000 1090.000000 0.000000 0.000000 0.000000 1.000000 0.084034
0.251000 100.000000 1090.000000 0.000000 0.000000 0.000000 1.000000 0.084034
0.252000 100.000000 1090.000000 0.000000 0.000000 0.000000 1.000000 0.084034
0.253000 100.000000 1090.000000 0.000000 0.000000 0.000000 1.000000 0.084034
0.254000 100.000000 1090.000000 0.000000 0.000000 0.000000 1.000000 0.084034
0.255000 100.000000 1090.000000 0.000000 0.000000 0.000000 1.000000 0.084034
0.256000 100.000000 1090.000000 0.000000 0.000000 0.000000 1.000000 0.084034
0.257000 100.000000 1090.000000 0.000000 0.000000 0.000000 1.000000 0.084034
0.258000 100.000000 1090.000000 0.000000 0.000000 0.000000 1.000000 0.084034
0.259000 100.000000 1090.000000 0.000000 0.000000 0.000000 1.000000 0.084034
0.260000 100.000000 1090.000000 0.000000 0.000000 0.000000 1.000000 0.084034
0.261000 100.000000 1090.000000 0.000000 0.000000 0.000000 1.000000 0.084034
0.262000 100.000000 1090.000000 0.000000 0.000000 0.000000 1.000000 0.084034
0.263000 100.000000 1090.000000 0.000000 0.000000 0.000000 1.000000 0.084034
0.264000 100.000000 1090.000000 0.000000 0.000000 0.000000 1.000000 0.084034
0.265000 100.000000 1090.000000 0.000000 0.000000 0.000000 1.000000 0.084034
0.266000 100.000000 1090.000000 0.000000 0.000000 0.000000 1.000000 0.084034
0.267000 100.000000 1090.000000 0.000000 0.000000 0.000000 1.000000 0.084034
0.268000 100.000000 1090.000000 0.000000 0.000000 0.000000 1.000000 0.084034
0.269000 100.000000 1090.000000 0.000000 0.000000 0.000000 1.000000 0.084034
0.270000 100.000000 1090.000000 0.000000 0.000000 0.000000 1.000000 0.084034
0.271000 100.000000 1090.000000 0.000000 0.000000 0.000000 1.000000 0.084034
0.272000 100.000000 1090.000000 0.000000 0.000000 0.000000 1.000000 0.084034
0.273000 100.000000 1090.000000 0.000000 0.000000 0.000000 1.000000 0.084034
0.274000 100.000000 1090.000000 0.000000 0.000000 0.000000 1.000000 0.084034
0.275000 100.000000 1090.000000 0.000000 0.000000 0.000000 1.000000 0.084034
0.276000 100.000000 1090.000000 0.000000 0.000000 0.000000 1.000000 0.084034
0.277000 100.000000 1090.000000 0.000000 0.000000 0.000000 1.000000 0.084034
0.278000 100.000000 1090.000000 0.000000 0.000000 0.000000 1.000000 0.084034
0.279000 100.000000 1090.000000 0.000000 0.000000 0.000000 1.000000 0.084034
0.280000 100.000000 1090.000000 0.000000 0.000000 0.000000 1.000000 0.084034
0.281000 100.000000 1090.000000 0.000000 0.000000 0.000000 1.000000 0.084034
0.282000 100.000000 1090.000000 0.000000 0.000000 0.000000 1.000000 0.084034
0.283000 100.000000 1090.000000 0.000000 0.000000 0.000000 1.000000 0.084034
0.284000 100.000000 1090.000000 0.000000 0.000000 0.000000 1.000000 0.084034
0.285000 100.000000 1090.000000 0.000000 0.000000 0.000000 1.000000 0.084034
0.286000 100.000000 1090.000000 0.000000 0.000000 0.000000 1.000000 0.084034
0.287000 100.000000 1090.000000 0.000000 0.000000 0.000000 1.000000 0.084034
0.288000 100.000000 1090.000000 0.000000 0.000000 0.000000 1.000000 0.084034
0.289000 100.000000 1090.000000 0.000000 0.000000 0.000000 1.000000 0.084034
0.290000 100.000000 1090.000000 0.000000 0.000000 0.000000 1.000000 0.084034
0.291000 100.000000 1090.000000 0.000000 0.000000 0.000000 1.000000 0.084034
0.292000 100.000000 1090.000000 0.000000 0.000000 0.000000 1.000000 0.084034
0.293000 100.000000 1090.000000 0.000000 0.000000 0.000000 1.000000 0.084034
0.294000 100.000000 1090.000000 0.000000 0.000000 0.000000 1.000000 0.084034
0.295000 100.000000 1090.000000 0.000000 0.000000 0.000000 1.000000 0.084034
0.296000 100.000000 1090.000000 0.000000 0.000000 0.000000 1.000000 0.084034
0.297000 100.000000 1090.000000 0.000000 0.000000 0.000000 1.000000 0.084034
0.298000 100.000000 1090.000000 0.000000 0.000000 0.000000 1.000000 0.084034
0.299000 100.000000 1090.000000 0.000000 0.000000 0.000000 1.000000 0.084034
0.300000 100.000000 1090.000000 0.000000 0.000000 0.000000 1.000000 0.084034
0.301000 100.000000 1090.000000 0.000000 0.000000 0.000000 1.000000 0.084034
0.302000 100.000000 1090.000000 0.000000 0.000000 0.000000 1.000000 0.084034
0.303000 100.000000 1090.000000 0.000000 0.000000 0.000000 1.000000 0.084034
0.304000 100.000000 1090.000000 0.000000 0.000000 0.000000 1.000000 0.084034
0.305000 100.000000 1090.000000 0.000000 0.000000 0.000000 1.000000 0.084034
0.306000 100.000000 1090.000000 0.000000 0.000000 0.000000 1.000000 0.084034
0.307000 100.000000 1090.000000 0.000000 0.000000 0.000000 1.000000 0.084034
0.308000 100.000000 1090.000000 0.000000 0.000000 0.000000 1.000000 0.084034
0.309000 100.000000 1090.000000 0.000000 0.000000 0.000000 1.000000 0.084034
0.310000 100.000000 1090.000000 0.000000 0.000000 0.000000 1.000000 0.084034
0.311000 100.000000 1090.000000 0.000000 0.000000 0.000000 1.000000 0.084034
0.312000 100.000000 1090.000000 0.000000 0.000000 0.000000 1.000000 0.084034
0.313000 100.000000 1090.000000 0.000000 0.000000 0.000000 1.000000 0.084034
0.314000 100.000000 1090.000000 0.000000 0.000000 0.000000 1.000000 0.084034
0.315000 100.000000 1090.000000 0.000000 0.000000 0.000000 1.000000 0.084034
0.316000 100.000000 1090.000000 0.000000 0.000000 0.000000 1.000000 0.084034
0.317000 100.000000 1090.000000 0.000000 0.000000 0.000000 1.000000 0.084034
0.318000 100.000000 1090.000000 0.000000 0.000000 0.000000 1.000000 0.084034
0.319000 100.000000 1090.000000 0.000000 0.000000 0.000000 1.000000 0.084034
0.320000 100.000000 1090.000000 0.000000 0.000000 0.000000 1.000000 0.084034
0.321000 100.000000 1090.000000 0.000000 0.000000 0.000000 1.000000 0.084034
0.322000 100.000000 1090.000000 0.000000 0.000000 0.000000 1.000000 0.084034
0.323000 100.000000 1090.000000 0.000000 0.000000 0.000000 1.000000 0.084034
0.324000 100.000000 1090.000000 0.000000 0.000000 0.000000 1.000000 0.084034
0.325000 100.000000 1090.000000 0.000000 0.000000 0.000000 1.000000 0.084034
0.326000 100.000000 1090.000000 0.000000 0.000000 0.000000 1.000000 0.084034
0.327000 100.000000 1090.000000 0.000000 0.000000 0.000000 1.000000 0.084034
0.328000 100.000000 1090.000000 0.000000 0.000000 0.000000 1.000000 0.084034
0.329000 100.000000 1090.000000 0.000000 0.000000 0.000000 1.000000 0.084034
0.330000 100.000000 1090.000000 0.000000 0.000000 0.000000 1.000000 0.084034
0.331000 100.000000 1090.000000 0.000000 0.000000 0.000000 1.000000 0.084034
0.332000 100.000000 1090.000000 0.000000 0.000000 0.000000 1.000000 0.084034
0.333000 100.000000 1090.000000 0.000000 0.000000 0.000000 1.000000 0.084034
0.334000 100.000000 1090.000000 0.000000 0.000000 0.000000 1.000000 0.084034
0.335000 100.000000 1090.000000 0.000000 0.000000 0.000000 1.000000 0.084034
0.336000 100.000000 1090.000000 0.000000 0.000000 0.000000 1.000000 0.084034
0.337000 100.000000 1090.000000 0.000000 0.000000 0.000000 1.000000 0.084034
0.338000 100.000000 1090.000000 0.000000 0.000000 0.000000 1.000000 0.084034
0.339000 100.000000 1090.000000 0.000000 0.000000 0.000000 1.000000 0.084034
0.340000 100.000000 1090.000000 0.000000 0.000000 0.000000 1.000000 0.084034
0.341000 100.000000 1090.000000 0.000000 0.000000 0.000000 1.000000 0.084034
0.342000 100.000000 1090.000000 0.000000 0.000000 0.000000 1.000000 0.084034
0.343000 100.000000 1090.000000 0.000000 0.000000 0.000000 1.000000 0.084034
0.344000 100.000000 1090.000000 0.000000 0.000000 0.000000 1.000000 0.084034
0.345000 100.000000 1090.000000 0.000000 0.000000 0.000000 1.000000 0.084034
0.346000 100.000000 1090.000000 0.000000 0.000000 0.000000 1.000000 0.084034
0.347000 100.000000 1090.000000 0.000000 0.000000 0.000000 1.000000 0.084034
0.348000 100.000000 1090.000000 0.000000 0.000000 0.000000 1.000000 0.084034
0.349000 100.000000 1090.000000 0.000000 0.000000 0.000000 1.000000 0.084034
0.350000 100.000000 1090.000000 0.000000 0.000000 0.000000 1.000000 0.084034
0.351000 100.000000 1090.000000 0.000000 0.000000 0.000000 1.000000 0.084034
0.352000 100.000000 1090.000000 0.000000 0.000000 0.000000 1.000000 0.084034
0.353000 100.000000 1090.000000 0.000000 0.000000 0.000000 1.000000 0.084034
0.354000 100.000000 1090.000000 0.000000 0.000000 0.000000 1.000000 0.084034
0.355000 100.000000 1090.000000 0.000000 0.000000 0.000000 1.000000 0.084034
0.356000 100.000000 1090.000000 0.000000 0.000000 0.000000 1.000000 0.084034
0.357000 100.000000 1090.000000 0.000000 0.000000 0.000000 1.000000 0.084034
0.358000 100.000000 1090.000000 0.000000 0.000000 0.000000 1.000000 0.084034
0.359000 100.000000 1090.000000 0.000000 0.000000 0.000000 1.000000 0.084034
0.360000 100.000000 1090.000000 0.000000 0.000000 0.000000 1.000000 0.084034
0.361000 100.000000 1090.000000 0.000000 0.000000 0.000000 1.000000 0.084034
0.362000 100.000000 1090.000000 0.000000 0.000000 0.000000 1.000000 0.084034
0.363000 100.000000 1090.000000 0.000000 0.000000 0.000000 1.000000 0.084034
0.364000 100.000000 1090.000000 0.000000 0.000000 0.000000 1.000000 0.084034
0.365000 100.000000 1090.000000 0.000000 0.000000 0.000000 1.000000 0.084034
0.366000 100.000000 1090.000000 0.000000 0.000000 0.000000 1.000000 0.084034
0.367000 100.000000 1090.000000 0.000000 0.000000 0.000000 1.000000 0.084034
0.368000 100.000000 1090.000000 0.000000 0.000000 0.000000 1.000000 0.084034
0.369000 100.000000 1090.000000 0.000000 0.000000 0.000000 1.000000 0.084034
0.370000 100.000000 1090.000000 0.000000 0.000000 0.000000 1.000000 0.084034
0.371000 100.000000 1090.000000 0.000000 0.000000 0.000000 1.000000 0.084034
0.372000 100.000000 1090.000000 0.000000 0.000000 0.000000 1.000000 0.084034
0.373000 100.000000 1090.000000 0.000000 0.000000 0.000000 1.000000 0.084034
0.374000 100.000000 1090.000000 0.000000 0.000000 0.000000 1.000000 0.084034
0.375000 100.000000 1090.000000 0.000000 0.000000 0.000000 1.000000 0.084034
0.376000 100.000000 1090.000000 0.000000 0.000000 0.000000 1.000000 0.084034
0.377000 100.000000 1090.000000 0.000000 0.000000 0.000000 1.000000 0.084034
0.378000 100.000000 1090.000000 0.000000 0.000000 0.000000 1.000000 0.084034
0.379000 100.000000 1090.000000 0.000000 0.000000 0.000000 1.000000 0.084034
0.380000 100.000000 1090.000000 0.000000 0.000000 0.000000 1.000000 0.084034
0.381000 100.000000 1090.000000 0.000000 0.000000 0.000000 1.000000 0.084034
0.382000 100.000000 1090.000000 0.000000 0.000000 0.000000 1.000000 0.084034
0.383000 100.000000 1090.000000 0.000000 0.000000 0.000000 1.000000 0.084034
0.384000 100.000000 1090.000000 0.000000 0.000000 0.000000 1.000000 0.084034
0.385000 100.000000 1090.000000 0.000000 0.000000 0.000000 1.000000 0.084034
0.386000 100.000000 1090.000000 0.000000 0.000000 0.000000 1.000000 0.084034
0.387000 100.000000 1090.000000 0.000000 0.000000 0.000000 1.000000 0.084034
0.388000 100.000000 1090.000000 0.000000 0.000000 0.000000 1.000000 0.084034
0.389000 100.000000 1090.000000 0.000000 0.000000 0.000000 1.000000 0.084034
0.390000 100.000000 1090.000000 0.000000 0.000000 0.000000 1.000000 0.084034
0.391000 100.000000 1090.000000 0.000000 0.000000 0.000000 1.000000 0.084034
0.392000 100.000000 1090.000000 0.000000 0.000000 0.000000 1.000000 0.084034
0.393000 100.000000 1090.000000 0.000000 0.000000 0.000000 1.000000 0.084034
0.394000 100.000000 1090.000000 0.000000 0.000000 0.000000 1.000000 0.084034
0.395000 100.000000 1090.000000 0.000000 0.000000 0.000000 1.000000 0.084034
0.396000 100.000000 1090.000000 0.000000 0.000000 0.000000 1.000000 0.084034
0.397000 100.000000 1090.000000 0.000000 0.000000 0.000000 1.000000 0.084034
0.398000 100.000000 1090.000000 0.000000 0.000000 0.000000 1.000000 0.084034
0.399000 100.000000 1090.000000 0.000000 0.000000 0.000000 1.000000 0.084034
0.400000 100.000000 1090.000000 0.000000 0.000000 0.000000 1.000000 0.084034
0.401000 100.000000 1090.000000 0.000000 0.000000 0.000000 1.000000 0.084034
0.402000 100.000000 1090.000000 0.000000 0.000000 0.000000 1.000000 0.084034
0.403000 100.000000 1090.000000 0.000000 0.000000 0.000000 1.000000 0.084034
0.404000 100.000000 1090.000000 0.000000 0.000000 0.000000 1.000000 0.084034
0.405000 100.000000 1090.000000 0.000000 0.000000 0.000000 1.000000 0.084034
0.406000 100.000000 1090.000000 0.000000 0.000000 0.000000 1.000000 0.084034
0.407000 100.000000 1090.000000 0.000000 0.000000 0.000000 1.000000 0.084034
0.408000 100.000000 1088.000000 2.000000 0.000000 0.001835 1.000000 0.084175
0.409000 100.000000 1081.000000 9.000000 0.000000 0.008257 1.000000 0.084674
0.410000 99.000000 1060.000000 30.000000 1.000000 0.027523 0.990000 0.085418
0.411000 95.000000 1019.000000 71.000000 5.000000 0.065138 0.950000 0.085278
0.412000 93.000000 956.000000 134.000000 7.000000 0.122936 0.930000 0.088656
0.413000 86.000000 865.000000 225.000000 14.000000 0.206422 0.860000 0.090431
0.414000 78.000000 776.000000 314.000000 22.000000 0.288073 0.780000 0.091335
0.415000 72.000000 673.000000 417.000000 28.000000 0.382569 0.720000 0.096644
0.416000 60.000000 585.000000 505.000000 40.000000 0.463303 0.600000 0.093023
0.417000 50.000000 478.000000 612.000000 50.000000 0.561468 0.500000 0.094697
0.418000 43.000000 405.000000 685.000000 57.000000 0.628440 0.430000 0.095982
0.419000 39.000000 335.000000 755.000000 61.000000 0.692661 0.390000 0.104278
0.420000 31.000000 268.000000 822.000000 69.000000 0.754128 0.310000 0.103679
0.421000 23.000000 212.000000 878.000000 77.000000 0.805505 0.230000 0.097872
0.422000 22.000000 176.000000 914.000000 78.000000 0.838532 0.220000 0.111111
0.423000 18.000000 147.000000 943.000000 82.000000 0.865138 0.180000 0.109091
0.424000 17.000000 120.000000 970.000000 83.000000 0.889908 0.170000 0.124088
0.425000 17.000000 105.000000 985.000000 83.000000 0.903670 0.170000 0.139344
0.426000 15.000000 90.000000 1000.000000 85.000000 0.917431 0.150000 0.142857
0.427000 13.000000 60.000000 1030.000000 87.000000 0.944954 0.130000 0.178082
0.428000 9.000000 47.000000 1043.000000 91.000000 0.956881 0.090000 0.160714
0.429000 9.000000 37.000000 1053.000000 91.000000 0.966055 0.090000 0.195652
0.430000 9.000000 28.000000 1062.000000 91.000000 0.974312 0.090000 0.243243
0.431000 9.000000 23.000000 1067.000000 91.000000 0.978899 0.090000 0.281250
0.432000 9.000000 18.000000 1072.000000 91.000000 0.983486 0.090000 0.333333
0.433000 9.000000 14.000000 1076.000000 91.000000 0.987156 0.090000 0.391304
0.434000 8.000000 10.000000 1080.000000 92.000000 0.990826 0.080000 0.444444
0.435000 8.000000 10.000000 1080.000000 92.000000 0.990826 0.080000 0.444444
0.436000 7.000000 8.000000 1082.000000 93.000000 0.992661 0.070000 0.466667
0.437000 7.000000 8.000000 1082.000000 93.000000 0.992661 0.070000 0.466667
0.438000 7.000000 8.000000 1082.000000 93.000000 0.992661 0.070000 0.466667
0.439000 7.000000 6.000000 1084.000000 93.000000 0.994495 0.070000 0.538462
0.440000 6.000000 4.000000 1086.000000 94.000000 0.996330 0.060000 0.600000
0.441000 6.000000 2.000000 1088.000000 94.000000 0.998165 0.060000 0.750000
0.442000 4.000000 2.000000 1088.000000 96.000000 0.998165 0.040000 0.666667
0.443000 3.000000 2.000000 1088.000000 97.000000 0.998165 0.030000 0.600000
0.444000 3.000000 1.000000 1089.000000 97.000000 0.999083 0.030000 0.750000
0.445000 3.000000 1.000000 1089.000000 97.000000 0.999083 0.030000 0.750000
0.446000 1.000000 1.000000 1089.000000 99.000000 0.999083 0.010000 0.500000
0.447000 0.000000 1.000000 1089.000000 100.000000 0.999083 0.000000 0.000000
0.448000 0.000000 1.000000 1089.000000 100.000000 0.999083 0.000000 0.000000
0.449000 0.000000 1.000000 1089.000000 100.000000 0.999083 0.000000 0.000000
0.450000 0.000000 1.000000 1089.000000 100.000000 0.999083 0.000000 0.000000
0.451000 0.000000 1.000000 1089.000000 100.000000 0.999083 0.000000 0.000000
0.452000 0.000000 1.000000 1089.000000 100.000000 0.999083 0.000000 0.000000
0.453000 0.000000 1.000000 1089.000000 100.000000 0.999083 0.000000 0.000000
0.454000 0.000000 1.000000 1089.000000 100.000000 0.999083 0.000000 0.000000
0.455000 0.000000 1.000000 1089.000000 100.000000 0.999083 0.000000 0.000000
0.456000 0.000000 0.000000 1090.000000 100.000000 1.000000 0.000000 0.000000
0.457000 0.000000 0.000000 1090.000000 100.000000 1.000000 0.000000 0.000000
0.458000 0.000000 0.000000 1090.000000 100.000000 1.000000 0.000000 0.000000
0.459000 0.000000 0.000000 1090.000000 100.000000 1.000000 0.000000 0.000000
0.460000 0.000000 0.000000 1090.000000 100.000000 1.000000 0.000000 0.000000
0.461000 0.000000 0.000000 1090.000000 100.000000 1.000000 0.000000 0.000000
0.462000 0.000000 0.000000 1090.000000 100.000000 1.000000 0.000000 0.000000
0.463000 0.000000 0.000000 1090.000000 100.000000 1.000000 0.000000 0.000000
0.464000 0.000000 0.000000 1090.000000 100.000000 1.000000 0.000000 0.000000
0.465000 0.000000 0.000000 1090.000000 100.000000 1.000000 0.000000 0.000000
0.466000 0.000000 0.000000 1090.000000 100.000000 1.000000 0.000000 0.000000
0.467000 0.000000 0.000000 1090.000000 100.000000 1.000000 0.000000 0.000000
0.468000 0.000000 0.000000 1090.000000 100.000000 1.000000 0.000000 0.000000
0.469000 0.000000 0.000000 1090.000000 100.000000 1.000000 0.000000 0.000000
0.470000 0.000000 0.000000 1090.000000 100.000000 1.000000 0.000000 0.000000
0.471000 0.000000 0.000000 1090.000000 100.000000 1.000000 0.000000 0.000000
0.472000 0.000000 0.000000 1090.000000 100.000000 1.000000 0.000000 0.000000
0.473000 0.000000 0.000000 1090.000000 100.000000 1.000000 0.000000 0.000000
0.474000 0.000000 0.000000 1090.000000 100.000000 1.000000 0.000000 0.000000
0.475000 0.000000 0.000000 1090.000000 100.000000 1.000000 0.000000 0.000000
0.476000 0.000000 0.000000 1090.000000 100.000000 1.000000 0.000000 0.000000
0.477000 0.000000 0.000000 1090.000000 100.000000 1.000000 0.000000 0.000000
0.478000 0.000000 0.000000 1090.000000 100.000000 1.000000 0.000000 0.000000
0.479000 0.000000 0.000000 1090.000000 100.000000 1.000000 0.000000 0.000000
0.480000 0.000000 0.000000 1090.000000 100.000000 1.000000 0.000000 0.000000
0.481000 0.000000 0.000000 1090.000000 100.000000 1.000000 0.000000 0.000000
0.482000 0.000000 0.000000 1090.000000 100.000000 1.000000 0.000000 0.000000
0.483000 0.000000 0.000000 1090.000000 100.000000 1.000000 0.000000 0.000000
0.484000 0.000000 0.000000 1090.000000 100.000000 1.000000 0.000000 0.000000
0.485000 0.000000 0.000000 1090.000000 100.000000 1.000000 0.000000 0.000000
0.486000 0.000000 0.000000 1090.000000 100.000000 1.000000 0.000000 0.000000
0.487000 0.000000 0.000000 1090.000000 100.000000 1.000000 0.000000 0.000000
0.488000 0.000000 0.000000 1090.000000 100.000000 1.000000 0.000000 0.000000
0.489000 0.000000 0.000000 1090.000000 100.000000 1.000000 0.000000 0.000000
0.490000 0.000000 0.000000 1090.000000 100.000000 1.000000 0.000000 0.000000
0.491000 0.000000 0.000000 1090.000000 100.000000 1.000000 0.000000 0.000000
0.492000 0.000000 0.000000 1090.000000 100.000000 1.000000 0.000000 0.000000
0.493000 0.000000 0.000000 1090.000000 100.000000 1.000000 0.000000 0.000000
0.494000 0.000000 0.000000 1090.000000 100.000000 1.000000 0.000000 0.000000
0.495000 0.000000 0.000000 1090.000000 100.000000 1.000000 0.000000 0.000000
0.496000 0.000000 0.000000 1090.000000 100.000000 1.000000 0.000000 0.000000
0.497000 0.000000 0.000000 1090.000000 100.000000 1.000000 0.000000 0.000000
0.498000 0.000000 0.000000 1090.000000 100.000000 1.000000 0.000000 0.000000
0.499000 0.000000 0.000000 1090.000000 100.000000 1.000000 0.000000 0.000000
0.500000 0.000000 0.000000 1090.000000 100.000000 1.000000 0.000000 0.000000
0.501000 0.000000 0.000000 1090.000000 100.000000 1.000000 0.000000 0.000000
0.502000 0.000000 0.000000 1090.000000 100.000000 1.000000 0.000000 0.000000
0.503000 0.000000 0.000000 1090.000000 100.000000 1.000000 0.000000 0.000000
0.504000 0.000000 0.000000 1090.000000 100.000000 1.000000 0.000000 0.000000
0.505000 0.000000 0.000000 1090.000000 100.000000 1.000000 0.000000 0.000000
0.506000 0.000000 0.000000 1090.000000 100.000000 1.000000 0.000000 0.000000
0.507000 0.000000 0.000000 1090.000000 100.000000 1.000000 0.000000 0.000000
0.508000 0.000000 0.000000 1090.000000 100.000000 1.000000 0.000000 0.000000
0.509000 0.000000 0.000000 1090.000000 100.000000 1.000000 0.000000 0.000000
0.510000 0.000000 0.000000 1090.000000 100.000000 1.000000 0.000000 0.000000
0.511000 0.000000 0.000000 1090.000000 100.000000 1.000000 0.000000 0.000000
0.512000 0.000000 0.000000 1090.000000 100.000000 1.000000 0.000000 0.000000
0.513000 0.000000 0.000000 1090.000000 100.000000 1.000000 0.000000 0.000000
0.514000 0.000000 0.000000 1090.000000 100.000000 1.000000 0.000000 0.000000
0.515000 0.000000 0.000000 1090.000000 100.000000 1.000000 0.000000 0.000000
0.516000 0.000000 0.000000 1090.000000 100.000000 1.000000 0.000000 0.000000
0.517000 0.000000 0.000000 1090.000000 100.000000 1.000000 0.000000 0.000000
0.518000 0.000000 0.000000 1090.000000 100.000000 1.000000 0.000000 0.000000
0.519000 0.000000 0.000000 1090.000000 100.000000 1.000000 0.000000 0.000000
0.520000 0.000000 0.000000 1090.000000 100.000000 1.000000 0.000000 0.000000
0.521000 0.000000 0.000000 1090.000000 100.000000 1.000000 0.000000 0.000000
0.522000 0.000000 0.000000 1090.000000 100.000000 1.000000 0.000000 0.000000
0.523000 0.000000 0.000000 1090.000000 100.000000 1.000000 0.000000 0.000000
0.524000 0.000000 0.000000 1090.000000 100.000000 1.000000 0.000000 0.000000
0.525000 0.000000 0.000000 1090.000000 100.000000 1.000000 0.000000 0.000000
0.526000 0.000000 0.000000 1090.000000 100.000000 1.000000 0.000000 0.000000
0.527000 0.000000 0.000000 1090.000000 100.000000 1.000000 0.000000 0.000000
0.528000 0.000000 0.000000 1090.000000 100.000000 1.000000 0.000000 0.000000
0.529000 0.000000 0.000000 1090.000000 100.000000 1.000000 0.000000 0.000000
0.530000 0.000000 0.000000 1090.000000 100.000000 1.000000 0.000000 0.000000
0.531000 0.000000 0.000000 1090.000000 100.000000 1.000000 0.000000 0.000000
0.532000 0.000000 0.000000 1090.000000 100.000000 1.000000 0.000000 0.000000
0.533000 0.000000 0.000000 1090.000000 100.000000 1.000000 0.000000 0.000000
0.534000 0.000000 0.000000 1090.000000 100.000000 1.000000 0.000000 0.000000
0.535000 0.000000 0.000000 1090.000000 100.000000 1.000000 0.000000 0.000000
0.536000 0.000000 0.000000 1090.000000 100.000000 1.000000 0.000000 0.000000
0.537000 0.000000 0.000000 1090.000000 100.000000 1.000000 0.000000 0.000000
0.538000 0.000000 0.000000 1090.000000 100.000000 1.000000 0.000000 0.000000
0.539000 0.000000 0.000000 1090.000000 100.000000 1.000000 0.000000 0.000000
0.540000 0.000000 0.000000 1090.000000 100.000000 1.000000 0.000000 0.000000
0.541000 0.000000 0.000000 1090.000000 100.000000 1.000000 0.000000 0.000000
0.542000 0.000000 0.000000 1090.000000 100.000000 1.000000 0.000000 0.000000
0.543000 0.000000 0.000000 1090.000000 100.000000 1.000000 0.000000 0.000000
0.544000 0.000000 0.000000 1090.000000 100.000000 1.000000 0.000000 0.000000
0.545000 0.000000 0.000000 1090.000000 100.000000 1.000000 0.000000 0.000000
0.546000 0.000000 0.000000 1090.000000 100.000000 1.000000 0.000000 0.000000
0.547000 0.000000 0.000000 1090.000000 100.000000 1.000000 0.000000 0.000000
0.548000 0.000000 0.000000 1090.000000 100.000000 1.000000 0.000000 0.000000
0.549000 0.000000 0.000000 1090.000000 100.000000 1.000000 0.000000 0.000000
0.550000 0.000000 0.000000 1090.000000 100.000000 1.000000 0.000000 0.000000
0.551000 0.000000 0.000000 1090.000000 100.000000 1.000000 0.000000 0.000000
0.552000 0.000000 0.000000 1090.000000 100.000000 1.000000 0.000000 0.000000
0.553000 0.000000 0.000000 1090.000000 100.000000 1.000000 0.000000 0.000000
0.554000 0.000000 0.000000 1090.000000 100.000000 1.000000 0.000000 0.000000
0.555000 0.000000 0.000000 1090.000000 100.000000 1.000000 0.000000 0.000000
0.556000 0.000000 0.000000 1090.000000 100.000000 1.000000 0.000000 0.000000
0.557000 0.000000 0.000000 1090.000000 100.000000 1.000000 0.000000 0.000000
0.558000 0.000000 0.000000 1090.000000 100.000000 1.000000 0.000000 0.000000
0.559000 0.000000 0.000000 1090.000000 100.000000 1.000000 0.000000 0.000000
0.560000 0.000000 0.000000 1090.000000 100.000000 1.000000 0.000000 0.000000
0.561000 0.000000 0.000000 1090.000000 100.000000 1.000000 0.000000 0.000000
0.562000 0.000000 0.000000 1090.000000 100.000000 1.000000 0.000000 0.000000
0.563000 0.000000 0.000000 1090.000000 100.000000 1.000000 0.000000 0.000000
0.564000 0.000000 0.000000 1090.000000 100.000000 1.000000 0.000000 0.000000
0.565000 0.000000 0.000000 1090.000000 100.000000 1.000000 0.000000 0.000000
0.566000 0.000000 0.000000 1090.000000 100.000000 1.000000 0.000000 0.000000
0.567000 0.000000 0.000000 1090.000000 100.000000 1.000000 0.000000 0.000000
0.568000 0.000000 0.000000 1090.000000 100.000000 1.000000 0.000000 0.000000
0.569000 0.000000 0.000000 1090.000000 100.000000 1.000000 0.000000 0.000000
0.570000 0.000000 0.000000 1090.000000 100.000000 1.000000 0.000000 0.000000
0.571000 0.000000 0.000000 1090.000000 100.000000 1.000000 0.000000 0.000000
0.572000 0.000000 0.000000 1090.000000 100.000000 1.000000 0.000000 0.000000
0.573000 0.000000 0.000000 1090.000000 100.000000 1.000000 0.000000 0.000000
0.574000 0.000000 0.000000 1090.000000 100.000000 1.000000 0.000000 0.000000
0.575000 0.000000 0.000000 1090.000000 100.000000 1.000000 0.000000 0.000000
0.576000 0.000000 0.000000 1090.000000 100.000000 1.000000 0.000000 0.000000
0.577000 0.000000 0.000000 1090.000000 100.000000 1.000000 0.000000 0.000000
0.578000 0.000000 0.000000 1090.000000 100.000000 1.000000 0.000000 0.000000
0.579000 0.000000 0.000000 1090.000000 100.000000 1.000000 0.000000 0.000000
0.580000 0.000000 0.000000 1090.000000 100.000000 1.000000 0.000000 0.000000
0.581000 0.000000 0.000000 1090.000000 100.000000 1.000000 0.000000 0.000000
0.582000 0.000000 0.000000 1090.000000 100.000000 1.000000 0.000000 0.000000
0.583000 0.000000 0.000000 1090.000000 100.000000 1.000000 0.000000 0.000000
0.584000 0.000000 0.000000 1090.000000 100.000000 1.000000 0.000000 0.000000
0.585000 0.000000 0.000000 1090.000000 100.000000 1.000000 0.000000 0.000000
0.586000 0.000000 0.000000 1090.000000 100.000000 1.000000 0.000000 0.000000
0.587000 0.000000 0.000000 1090.000000 100.000000 1.000000 0.000000 0.000000
0.588000 0.000000 0.000000 1090.000000 100.000000 1.000000 0.000000 0.000000
0.589000 0.000000 0.000000 1090.000000 100.000000 1.000000 0.000000 0.000000
0.590000 0.000000 0.000000 1090.000000 100.000000 1.000000 0.000000 0.000000
0.591000 0.000000 0.000000 1090.000000 100.000000 1.000000 0.000000 0.000000
0.592000 0.000000 0.000000 1090.000000 100.000000 1.000000 0.000000 0.000000
0.593000 0.000000 0.000000 1090.000000 100.000000 1.000000 0.000000 0.000000
0.594000 0.000000 0.000000 1090.000000 100.000000 1.000000 0.000000 0.000000
0.595000 0.000000 0.000000 1090.000000 100.000000 1.000000 0.000000 0.000000
0.596000 0.000000 0.000000 1090.000000 100.000000 1.000000 0.000000 0.000000
0.597000 0.000000 0.000000 1090.000000 100.000000 1.000000 0.000000 0.000000
0.598000 0.000000 0.000000 1090.000000 100.000000 1.000000 0.000000 0.000000
0.599000 0.000000 0.000000 1090.000000 100.000000 1.000000 0.000000 0.000000
0.600000 0.000000 0.000000 1090.000000 100.000000 1.000000 0.000000 0.000000
0.601000 0.000000 0.000000 1090.000000 100.000000 1.000000 0.000000 0.000000
0.602000 0.000000 0.000000 1090.000000 100.000000 1.000000 0.000000 0.000000
0.603000 0.000000 0.000000 1090.000000 100.000000 1.000000 0.000000 0.000000
0.604000 0.000000 0.000000 1090.000000 100.000000 1.000000 0.000000 0.000000
0.605000 0.000000 0.000000 1090.000000 100.000000 1.000000 0.000000 0.000000
0.606000 0.000000 0.000000 1090.000000 100.000000 1.000000 0.000000 0.000000
0.607000 0.000000 0.000000 1090.000000 100.000000 1.000000 0.000000 0.000000
0.608000 0.000000 0.000000 1090.000000 100.000000 1.000000 0.000000 0.000000
0.609000 0.000000 0.000000 1090.000000 100.000000 1.000000 0.000000 0.000000
0.610000 0.000000 0.000000 1090.000000 100.000000 1.000000 0.000000 0.000000
0.611000 0.000000 0.000000 1090.000000 100.000000 1.000000 0.000000 0.000000
0.612000 0.000000 0.000000 1090.000000 100.000000 1.000000 0.000000 0.000000
0.613000 0.000000 0.000000 1090.000000 100.000000 1.000000 0.000000 0.000000
0.614000 0.000000 0.000000 1090.000000 100.000000 1.000000 0.000000 0.000000
0.615000 0.000000 0.000000 1090.000000 100.000000 1.000000 0.000000 0.000000
0.616000 0.000000 0.000000 1090.000000 100.000000 1.000000 0.000000 0.000000
0.617000 0.000000 0.000000 1090.000000 100.000000 1.000000 0.000000 0.000000
0.618000 0.000000 0.000000 1090.000000 100.000000 1.000000 0.000000 0.000000
0.619000 0.000000 0.000000 1090.000000 100.000000 1.000000 0.000000 0.000000
0.620000 0.000000 0.000000 1090.000000 100.000000 1.000000 0.000000 0.000000
0.621000 0.000000 0.000000 1090.000000 100.000000 1.000000 0.000000 0.000000
0.622000 0.000000 0.000000 1090.000000 100.000000 1.000000 0.000000 0.000000
0.623000 0.000000 0.000000 1090.000000 100.000000 1.000000 0.000000 0.000000
0.624000 0.000000 0.000000 1090.000000 100.000000 1.000000 0.000000 0.000000
0.625000 0.000000 0.000000 1090.000000 100.000000 1.000000 0.000000 0.000000
0.626000 0.000000 0.000000 1090.000000 100.000000 1.000000 0.000000 0.000000
0.627000 0.000000 0.000000 1090.000000 100.000000 1.000000 0.000000 0.000000
0.628000 0.000000 0.000000 1090.000000 100.000000 1.000000 0.000000 0.000000
0.629000 0.000000 0.000000 1090.000000 100.000000 1.000000 0.000000 0.000000
0.630000 0.000000 0.000000 1090.000000 100.000000 1.000000 0.000000 0.000000
0.631000 0.000000 0.000000 1090.000000 100.000000 1.000000 0.000000 0.000000
0.632000 0.000000 0.000000 1090.000000 100.000000 1.000000 0.000000 0.000000
0.633000 0.000000 0.000000 1090.000000 100.000000 1.000000 0.000000 0.000000
0.634000 0.000000 0.000000 1090.000000 100.000000 1.000000 0.000000 0.000000
0.635000 0.000000 0.000000 1090.000000 100.000000 1.000000 0.000000 0.000000
0.636000 0.000000 0.000000 1090.000000 100.000000 1.000000 0.000000 0.000000
0.637000 0.000000 0.000000 1090.000000 100.000000 1.000000 0.000000 0.000000
0.638000 0.000000 0.000000 1090.000000 100.000000 1.000000 0.000000 0.000000
0.639000 0.000000 0.000000 1090.000000 100.000000 1.000000 0.000000 0.000000
0.640000 0.000000 0.000000 1090.000000 100.000000 1.000000 0.000000 0.000000
0.641000 0.000000 0.000000 1090.000000 100.000000 1.000000 0.000000 0.000000
0.642000 0.000000 0.000000 1090.000000 100.000000 1.000000 0.000000 0.000000
0.643000 0.000000 0.000000 1090.000000 100.000000 1.000000 0.000000 0.000000
0.644000 0.000000 0.000000 1090.000000 100.000000 1.000000 0.000000 0.000000
0.645000 0.000000 0.000000 1090.000000 100.000000 1.000000 0.000000 0.000000
0.646000 0.000000 0.000000 1090.000000 100.000000 1.000000 0.000000 0.000000
0.647000 0.000000 0.000000 1090.000000 100.000000 1.000000 0.000000 0.000000
0.648000 0.000000 0.000000 1090.000000 100.000000 1.000000 0.000000 0.000000
0.649000 0.000000 0.000000 1090.000000 100.000000 1.000000 0.000000 0.000000
0.650000 0.000000 0.000000 1090.000000 100.000000 1.000000 0.000000 0.000000
0.651000 0.000000 0.000000 1090.000000 100.000000 1.000000 0.000000 0.000000
0.652000 0.000000 0.000000 1090.000000 100.000000 1.000000 0.000000 0.000000
0.653000 0.000000 0.000000 1090.000000 100.000000 1.000000 0.000000 0.000000
0.654000 0.000000 0.000000 1090.000000 100.000000 1.000000 0.000000 0.000000
0.655000 0.000000 0.000000 1090.000000 100.000000 1.000000 0.000000 0.000000
0.656000 0.000000 0.000000 1090.000000 100.000000 1.000000 0.000000 0.000000
0.657000 0.000000 0.000000 1090.000000 100.000000 1.000000 0.000000 0.000000
0.658000 0.000000 0.000000 1090.000000 100.000000 1.000000 0.000000 0.000000
0.659000 0.000000 0.000000 1090.000000 100.000000 1.000000 0.000000 0.000000
0.660000 0.000000 0.000000 1090.000000 100.000000 1.000000 0.000000 0.000000
0.661000 0.000000 0.000000 1090.000000 100.000000 1.000000 0.000000 0.000000
0.662000 0.000000 0.000000 1090.000000 100.000000 1.000000 0.000000 0.000000
0.663000 0.000000 0.000000 1090.000000 100.000000 1.000000 0.000000 0.000000
0.664000 0.000000 0.000000 1090.000000 100.000000 1.000000 0.000000 0.000000
0.665000 0.000000 0.000000 1090.000000 100.000000 1.000000 0.000000 0.000000
0.666000 0.000000 0.000000 1090.000000 100.000000 1.000000 0.000000 0.000000
0.667000 0.000000 0.000000 1090.000000 100.000000 1.000000 0.000000 0.000000
0.668000 0.000000 0.000000 1090.000000 100.000000 1.000000 0.000000 0.000000
0.669000 0.000000 0.000000 1090.000000 100.000000 1.000000 0.000000 0.000000
0.670000 0.000000 0.000000 1090.000000 100.000000 1.000000 0.000000 0.000000
0.671000 0.000000 0.000000 1090.000000 100.000000 1.000000 0.000000 0.000000
0.672000 0.000000 0.000000 1090.000000 100.000000 1.000000 0.000000 0.000000
0.673000 0.000000 0.000000 1090.000000 100.000000 1.000000 0.000000 0.000000
0.674000 0.000000 0.000000 1090.000000 100.000000 1.000000 0.000000 0.000000
0.675000 0.000000 0.000000 1090.000000 100.000000 1.000000 0.000000 0.000000
0.676000 0.000000 0.000000 1090.000000 100.000000 1.000000 0.000000 0.000000
0.677000 0.000000 0.000000 1090.000000 100.000000 1.000000 0.000000 0.000000
0.678000 0.000000 0.000000 1090.000000 100.000000 1.000000 0.000000 0.000000
0.679000 0.000000 0.000000 1090.000000 100.000000 1.000000 0.000000 0.000000
0.680000 0.000000 0.000000 1090.000000 100.000000 1.000000 0.000000 0.000000
0.681000 0.000000 0.000000 1090.000000 100.000000 1.000000 0.000000 0.000000
0.682000 0.000000 0.000000 1090.000000 100.000000 1.000000 0.000000 0.000000
0.683000 0.000000 0.000000 1090.000000 100.000000 1.000000 0.000000 0.000000
0.684000 0.000000 0.000000 1090.000000 100.000000 1.000000 0.000000 0.000000
0.685000 0.000000 0.000000 1090.000000 100.000000 1.000000 0.000000 0.000000
0.686000 0.000000 0.000000 1090.000000 100.000000 1.000000 0.000000 0.000000
0.687000 0.000000 0.000000 1090.000000 100.000000 1.000000 0.000000 0.000000
0.688000 0.000000 0.000000 1090.000000 100.000000 1.000000 0.000000 0.000000
0.689000 0.000000 0.000000 1090.000000 100.000000 1.000000 0.000000 0.000000
0.690000 0.000000 0.000000 1090.000000 100.000000 1.000000 0.000000 0.000000
0.691000 0.000000 0.000000 1090.000000 100.000000 1.000000 0.000000 0.000000
0.692000 0.000000 0.000000 1090.000000 100.000000 1.000000 0.000000 0.000000
0.693000 0.000000 0.000000 1090.000000 100.000000 1.000000 0.000000 0.000000
0.694000 0.000000 0.000000 1090.000000 100.000000 1.000000 0.000000 0.000000
0.695000 0.000000 0.000000 1090.000000 100.000000 1.000000 0.000000 0.000000
0.696000 0.000000 0.000000 1090.000000 100.000000 1.000000 0.000000 0.000000
0.697000 0.000000 0.000000 1090.000000 100.000000 1.000000 0.000000 0.000000
0.698000 0.000000 0.000000 1090.000000 100.000000 1.000000 0.000000 0.000000
0.699000 0.000000 0.000000 1090.000000 100.000000 1.000000 0.000000 0.000000
0.700000 0.000000 0.000000 1090.000000 100.000000 1.000000 0.000000 0.000000
0.701000 0.000000 0.000000 1090.000000 100.000000 1.000000 0.000000 0.000000
0.702000 0.000000 0.000000 1090.000000 100.000000 1.000000 0.000000 0.000000
0.703000 0.000000 0.000000 1090.000000 100.000000 1.000000 0.000000 0.000000
0.704000 0.000000 0.000000 1090.000000 100.000000 1.000000 0.000000 0.000000
0.705000 0.000000 0.000000 1090.000000 100.000000 1.000000 0.000000 0.000000
0.706000 0.000000 0.000000 1090.000000 100.000000 1.000000 0.000000 0.000000
0.707000 0.000000 0.000000 1090.000000 100.000000 1.000000 0.000000 0.000000
0.708000 0.000000 0.000000 1090.000000 100.000000 1.000000 0.000000 0.000000
0.709000 0.000000 0.000000 1090.000000 100.000000 1.000000 0.000000 0.000000
0.710000 0.000000 0.000000 1090.000000 100.000000 1.000000 0.000000 0.000000
0.711000 0.000000 0.000000 1090.000000 100.000000 1.000000 0.000000 0.000000
0.712000 0.000000 0.000000 1090.000000 100.000000 1.000000 0.000000 0.000000
0.713000 0.000000 0.000000 1090.000000 100.000000 1.000000 0.000000 0.000000
0.714000 0.000000 0.000000 1090.000000 100.000000 1.000000 0.000000 0.000000
0.715000 0.000000 0.000000 1090.000000 100.000000 1.000000 0.000000 0.000000
0.716000 0.000000 0.000000 1090.000000 100.000000 1.000000 0.000000 0.000000
0.717000 0.000000 0.000000 1090.000000 100.000000 1.000000 0.000000 0.000000
0.718000 0.000000 0.000000 1090.000000 100.000000 1.000000 0.000000 0.000000
0.719000 0.000000 0.000000 1090.000000 100.000000 1.000000 0.000000 0.000000
0.720000 0.000000 0.000000 1090.000000 100.000000 1.000000 0.000000 0.000000
0.721000 0.000000 0.000000 1090.000000 100.000000 1.000000 0.000000 0.000000
0.722000 0.000000 0.000000 1090.000000 100.000000 1.000000 0.000000 0.000000
0.723000 0.000000 0.000000 1090.000000 100.000000 1.000000 0.000000 0.000000
0.724000 0.000000 0.000000 1090.000000 100.000000 1.000000 0.000000 0.000000
0.725000 0.000000 0.000000 1090.000000 100.000000 1.000000 0.000000 0.000000
0.726000 0.000000 0.000000 1090.000000 100.000000 1.000000 0.000000 0.000000
0.727000 0.000000 0.000000 1090.000000 100.000000 1.000000 0.000000 0.000000
0.728000 0.000000 0.000000 1090.000000 100.000000 1.000000 0.000000 0.000000
0.729000 0.000000 0.000000 1090.000000 100.000000 1.000000 0.000000 0.000000
0.730000 0.000000 0.000000 1090.000000 100.000000 1.000000 0.000000 0.000000
0.731000 0.000000 0.000000 1090.000000 100.000000 1.000000 0.000000 0.000000
0.732000 0.000000 0.000000 1090.000000 100.000000 1.000000 0.000000 0.000000
0.733000 0.000000 0.000000 1090.000000 100.000000 1.000000 0.000000 0.000000
0.734000 0.000000 0.000000 1090.000000 100.000000 1.000000 0.000000 0.000000
0.735000 0.000000 0.000000 1090.000000 100.000000 1.000000 0.000000 0.000000
0.736000 0.000000 0.000000 1090.000000 100.000000 1.000000 0.000000 0.000000
0.737000 0.000000 0.000000 1090.000000 100.000000 1.000000 0.000000 0.000000
0.738000 0.000000 0.000000 1090.000000 100.000000 1.000000 0.000000 0.000000
0.739000 0.000000 0.000000 1090.000000 100.000000 1.000000 0.000000 0.000000
0.740000 0.000000 0.000000 1090.000000 100.000000 1.000000 0.000000 0.000000
0.741000 0.000000 0.000000 1090.000000 100.000000 1.000000 0.000000 0.000000
0.742000 0.000000 0.000000 1090.000000 100.000000 1.000000 0.000000 0.000000
0.743000 0.000000 0.000000 1090.000000 100.000000 1.000000 0.000000 0.000000
0.744000 0.000000 0.000000 1090.000000 100.000000 1.000000 0.000000 0.000000
0.745000 0.000000 0.000000 1090.000000 100.000000 1.000000 0.000000 0.000000
0.746000 0.000000 0.000000 1090.000000 100.000000 1.000000 0.000000 0.000000
0.747000 0.000000 0.000000 1090.000000 100.000000 1.000000 0.000000 0.000000
0.748000 0.000000 0.000000 1090.000000 100.000000 1.000000 0.000000 0.000000
0.749000 0.000000 0.000000 1090.000000 100.000000 1.000000 0.000000 0.000000
0.750000 0.000000 0.000000 1090.000000 100.000000 1.000000 0.000000 0.000000
0.751000 0.000000 0.000000 1090.000000 100.000000 1.000000 0.000000 0.000000
0.752000 0.000000 0.000000 1090.000000 100.000000 1.000000 0.000000 0.000000
0.753000 0.000000 0.000000 1090.000000 100.000000 1.000000 0.000000 0.000000
0.754000 0.000000 0.000000 1090.000000 100.000000 1.000000 0.000000 0.000000
0.755000 0.000000 0.000000 1090.000000 100.000000 1.000000 0.000000 0.000000
0.756000 0.000000 0.000000 1090.000000 100.000000 1.000000 0.000000 0.000000
0.757000 0.000000 0.000000 1090.000000 100.000000 1.000000 0.000000 0.000000
0.758000 0.000000 0.000000 1090.000000 100.000000 1.000000 0.000000 0.000000
0.759000 0.000000 0.000000 1090.000000 100.000000 1.000000 0.000000 0.000000
0.760000 0.000000 0.000000 1090.000000 100.000000 1.000000 0.000000 0.000000
0.761000 0.000000 0.000000 1090.000000 100.000000 1.000000 0.000000 0.000000
0.762000 0.000000 0.000000 1090.000000 100.000000 1.000000 0.000000 0.000000
0.763000 0.000000 0.000000 1090.000000 100.000000 1.000000 0.000000 0.000000
0.764000 0.000000 0.000000 1090.000000 100.000000 1.000000 0.000000 0.000000
0.765000 0.000000 0.000000 1090.000000 100.000000 1.000000 0.000000 0.000000
0.766000 0.000000 0.000000 1090.000000 100.000000 1.000000 0.000000 0.000000
0.767000 0.000000 0.000000 1090.000000 100.000000 1.000000 0.000000 0.000000
0.768000 0.000000 0.000000 1090.000000 100.000000 1.000000 0.000000 0.000000
0.769000 0.000000 0.000000 1090.000000 100.000000 1.000000 0.000000 0.000000
0.770000 0.000000 0.000000 1090.000000 100.000000 1.000000 0.000000 0.000000
0.771000 0.000000 0.000000 1090.000000 100.000000 1.000000 0.000000 0.000000
0.772000 0.000000 0.000000 1090.000000 100.000000 1.000000 0.000000 0.000000
0.773000 0.000000 0.000000 1090.000000 100.000000 1.000000 0.000000 0.000000
0.774000 0.000000 0.000000 1090.000000 100.000000 1.000000 0.000000 0.000000
0.775000 0.000000 0.000000 1090.000000 100.000000 1.000000 0.000000 0.000000
0.776000 0.000000 0.000000 1090.000000 100.000000 1.000000 0.000000 0.000000
0.777000 0.000000 0.000000 1090.000000 100.000000 1.000000 0.000000 0.000000
0.778000 0.000000 0.000000 1090.000000 100.000000 1.000000 0.000000 0.000000
0.779000 0.000000 0.000000 1090.000000 100.000000 1.000000 0.000000 0.000000
0.780000 0.000000 0.000000 1090.000000 100.000000 1.000000 0.000000 0.000000
0.781000 0.000000 0.000000 1090.000000 100.000000 1.000000 0.000000 0.000000
0.782000 0.000000 0.000000 1090.000000 100.000000 1.000000 0.000000 0.000000
0.783000 0.000000 0.000000 1090.000000 100.000000 1.000000 0.000000 0.000000
0.784000 0.000000 0.000000 1090.000000 100.000000 1.000000 0.000000 0.000000
0.785000 0.000000 0.000000 1090.000000 100.000000 1.000000 0.000000 0.000000
0.786000 0.000000 0.000000 1090.000000 100.000000 1.000000 0.000000 0.000000
0.787000 0.000000 0.000000 1090.000000 100.000000 1.000000 0.000000 0.000000
0.788000 0.000000 0.000000 1090.000000 100.000000 1.000000 0.000000 0.000000
0.789000 0.000000 0.000000 1090.000000 100.000000 1.000000 0.000000 0.000000
0.790000 0.000000 0.000000 1090.000000 100.000000 1.000000 0.000000 0.000000
0.791000 0.000000 0.000000 1090.000000 100.000000 1.000000 0.000000 0.000000
0.792000 0.000000 0.000000 1090.000000 100.000000 1.000000 0.000000 0.000000
0.793000 0.000000 0.000000 1090.000000 100.000000 1.000000 0.000000 0.000000
0.794000 0.000000 0.000000 1090.000000 100.000000 1.000000 0.000000 0.000000
0.795000 0.000000 0.000000 1090.000000 100.000000 1.000000 0.000000 0.000000
0.796000 0.000000 0.000000 1090.000000 100.000000 1.000000 0.000000 0.000000
0.797000 0.000000 0.000000 1090.000000 100.000000 1.000000 0.000000 0.000000
0.798000 0.000000 0.000000 1090.000000 100.000000 1.000000 0.000000 0.000000
0.799000 0.000000 0.000000 1090.000000 100.000000 1.000000 0.000000 0.000000
0.800000 0.000000 0.000000 1090.000000 100.000000 1.000000 0.000000 0.000000
0.801000 0.000000 0.000000 1090.000000 100.000000 1.000000 0.000000 0.000000
0.802000 0.000000 0.000000 1090.000000 100.000000 1.000000 0.000000 0.000000
0.803000 0.000000 0.000000 1090.000000 100.000000 1.000000 0.000000 0.000000
0.804000 0.000000 0.000000 1090.000000 100.000000 1.000000 0.000000 0.000000
0.805000 0.000000 0.000000 1090.000000 100.000000 1.000000 0.000000 0.000000
0.806000 0.000000 0.000000 1090.000000 100.000000 1.000000 0.000000 0.000000
0.807000 0.000000 0.000000 1090.000000 100.000000 1.000000 0.000000 0.000000
0.808000 0.000000 0.000000 1090.000000 100.000000 1.000000 0.000000 0.000000
0.809000 0.000000 0.000000 1090.000000 100.000000 1.000000 0.000000 0.000000
0.810000 0.000000 0.000000 1090.000000 100.000000 1.000000 0.000000 0.000000
0.811000 0.000000 0.000000 1090.000000 100.000000 1.000000 0.000000 0.000000
0.812000 0.000000 0.000000 1090.000000 100.000000 1.000000 0.000000 0.000000
0.813000 0.000000 0.000000 1090.000000 100.000000 1.000000 0.000000 0.000000
0.814000 0.000000 0.000000 1090.000000 100.000000 1.000000 0.000000 0.000000
0.815000 0.000000 0.000000 1090.000000 100.000000 1.000000 0.000000 0.000000
0.816000 0.000000 0.000000 1090.000000 100.000000 1.000000 0.000000 0.000000
0.817000 0.000000 0.000000 1090.000000 100.000000 1.000000 0.000000 0.000000
0.818000 0.000000 0.000000 1090.000000 100.000000 1.000000 0.000000 0.000000
0.819000 0.000000 0.000000 1090.000000 100.000000 1.000000 0.000000 0.000000
0.820000 0.000000 0.000000 1090.000000 100.000000 1.000000 0.000000 0.000000
0.821000 0.000000 0.000000 1090.000000 100.000000 1.000000 0.000000 0.000000
0.822000 0.000000 0.000000 1090.000000 100.000000 1.000000 0.000000 0.000000
0.823000 0.000000 0.000000 1090.000000 100.000000 1.000000 0.000000 0.000000
0.824000 0.000000 0.000000 1090.000000 100.000000 1.000000 0.000000 0.000000
0.825000 0.000000 0.000000 1090.000000 100.000000 1.000000 0.000000 0.000000
0.826000 0.000000 0.000000 1090.000000 100.000000 1.000000 0.000000 0.000000
0.827000 0.000000 0.000000 1090.000000 100.000000 1.000000 0.000000 0.000000
0.828000 0.000000 0.000000 1090.000000 100.000000 1.000000 0.000000 0.000000
0.829000 0.000000 0.000000 1090.000000 100.000000 1.000000 0.000000 0.000000
0.830000 0.000000 0.000000 1090.000000 100.000000 1.000000 0.000000 0.000000
0.831000 0.000000 0.000000 1090.000000 100.000000 1.000000 0.000000 0.000000
0.832000 0.000000 0.000000 1090.000000 100.000000 1.000000 0.000000 0.000000
0.833000 0.000000 0.000000 1090.000000 100.000000 1.000000 0.000000 0.000000
0.834000 0.000000 0.000000 1090.000000 100.000000 1.000000 0.000000 0.000000
0.835000 0.000000 0.000000 1090.000000 100.000000 1.000000 0.000000 0.000000
0.836000 0.000000 0.000000 1090.000000 100.000000 1.000000 0.000000 0.000000
0.837000 0.000000 0.000000 1090.000000 100.000000 1.000000 0.000000 0.000000
0.838000 0.000000 0.000000 1090.000000 100.000000 1.000000 0.000000 0.000000
0.839000 0.000000 0.000000 1090.000000 100.000000 1.000000 0.000000 0.000000
0.840000 0.000000 0.000000 1090.000000 100.000000 1.000000 0.000000 0.000000
0.841000 0.000000 0.000000 1090.000000 100.000000 1.000000 0.000000 0.000000
0.842000 0.000000 0.000000 1090.000000 100.000000 1.000000 0.000000 0.000000
0.843000 0.000000 0.000000 1090.000000 100.000000 1.000000 0.000000 0.000000
0.844000 0.000000 0.000000 1090.000000 100.000000 1.000000 0.000000 0.000000
0.845000 0.000000 0.000000 1090.000000 100.000000 1.000000 0.000000 0.000000
0.846000 0.000000 0.000000 1090.000000 100.000000 1.000000 0.000000 0.000000
0.847000 0.000000 0.000000 1090.000000 100.000000 1.000000 0.000000 0.000000
0.848000 0.000000 0.000000 1090.000000 100.000000 1.000000 0.000000 0.000000
0.849000 0.000000 0.000000 1090.000000 100.000000 1.000000 0.000000 0.000000
0.850000 0.000000 0.000000 1090.000000 100.000000 1.000000 0.000000 0.000000
0.851000 0.000000 0.000000 1090.000000 100.000000 1.000000 0.000000 0.000000
0.852000 0.000000 0.000000 1090.000000 100.000000 1.000000 0.000000 0.000000
0.853000 0.000000 0.000000 1090.000000 100.000000 1.000000 0.000000 0.000000
0.854000 0.000000 0.000000 1090.000000 100.000000 1.000000 0.000000 0.000000
0.855000 0.000000 0.000000 1090.000000 100.000000 1.000000 0.000000 0.000000
0.856000 0.000000 0.000000 1090.000000 100.000000 1.000000 0.000000 0.000000
0.857000 0.000000 0.000000 1090.000000 100.000000 1.000000 0.000000 0.000000
0.858000 0.000000 0.000000 1090.000000 100.000000 1.000000 0.000000 0.000000
0.859000 0.000000 0.000000 1090.000000 100.000000 1.000000 0.000000 0.000000
0.860000 0.000000 0.000000 1090.000000 100.000000 1.000000 0.000000 0.000000
0.861000 0.000000 0.000000 1090.000000 100.000000 1.000000 0.000000 0.000000
0.862000 0.000000 0.000000 1090.000000 100.000000 1.000000 0.000000 0.000000
0.863000 0.000000 0.000000 1090.000000 100.000000 1.000000 0.000000 0.000000
0.864000 0.000000 0.000000 1090.000000 100.000000 1.000000 0.000000 0.000000
0.865000 0.000000 0.000000 1090.000000 100.000000 1.000000 0.000000 0.000000
0.866000 0.000000 0.000000 1090.000000 100.000000 1.000000 0.000000 0.000000
0.867000 0.000000 0.000000 1090.000000 100.000000 1.000000 0.000000 0.000000
0.868000 0.000000 0.000000 1090.000000 100.000000 1.000000 0.000000 0.000000
0.869000 0.000000 0.000000 1090.000000 100.000000 1.000000 0.000000 0.000000
0.870000 0.000000 0.000000 1090.000000 100.000000 1.000000 0.000000 0.000000
0.871000 0.000000 0.000000 1090.000000 100.000000 1.000000 0.000000 0.000000
0.872000 0.000000 0.000000 1090.000000 100.000000 1.000000 0.000000 0.000000
0.873000 0.000000 0.000000 1090.000000 100.000000 1.000000 0.000000 0.000000
0.874000 0.000000 0.000000 1090.000000 100.000000 1.000000 0.000000 0.000000
0.875000 0.000000 0.000000 1090.000000 100.000000 1.000000 0.000000 0.000000
0.876000 0.000000 0.000000 1090.000000 100.000000 1.000000 0.000000 0.000000
0.877000 0.000000 0.000000 1090.000000 100.000000 1.000000 0.000000 0.000000
0.878000 0.000000 0.000000 1090.000000 100.000000 1.000000 0.000000 0.000000
0.879000 0.000000 0.000000 1090.000000 100.000000 1.000000 0.000000 0.000000
0.880000 0.000000 0.000000 1090.000000 100.000000 1.000000 0.000000 0.000000
0.881000 0.000000 0.000000 1090.000000 100.000000 1.000000 0.000000 0.000000
0.882000 0.000000 0.000000 1090.000000 100.000000 1.000000 0.000000 0.000000
0.883000 0.000000 0.000000 1090.000000 100.000000 1.000000 0.000000 0.000000
0.884000 0.000000 0.000000 1090.000000 100.000000 1.000000 0.000000 0.000000
0.885000 0.000000 0.000000 1090.000000 100.000000 1.000000 0.000000 0.000000
0.886000 0.000000 0.000000 1090.000000 100.000000 1.000000 0.000000 0.000000
0.887000 0.000000 0.000000 1090.000000 100.000000 1.000000 0.000000 0.000000
0.888000 0.000000 0.000000 1090.000000 100.000000 1.000000 0.000000 0.000000
0.889000 0.000000 0.000000 1090.000000 100.000000 1.000000 0.000000 0.000000
0.890000 0.000000 0.000000 1090.000000 100.000000 1.000000 0.000000 0.000000
0.891000 0.000000 0.000000 1090.000000 100.000000 1.000000 0.000000 0.000000
0.892000 0.000000 0.000000 1090.000000 100.000000 1.000000 0.000000 0.000000
0.893000 0.000000 0.000000 1090.000000 100.000000 1.000000 0.000000 0.000000
0.894000 0.000000 0.000000 1090.000000 100.000000 1.000000 0.000000 0.000000
0.895000 0.000000 0.000000 1090.000000 100.000000 1.000000 0.000000 0.000000
0.896000 0.000000 0.000000 1090.000000 100.000000 1.000000 0.000000 0.000000
0.897000 0.000000 0.000000 1090.000000 100.000000 1.000000 0.000000 0.000000
0.898000 0.000000 0.000000 1090.000000 100.000000 1.000000 0.000000 0.000000
0.899000 0.000000 0.000000 1090.000000 100.000000 1.000000 0.000000 0.000000
0.900000 0.000000 0.000000 1090.000000 100.000000 1.000000 0.000000 0.000000
0.901000 0.000000 0.000000 1090.000000 100.000000 1.000000 0.000000 0.000000
0.902000 0.000000 0.000000 1090.000000 100.000000 1.000000 0.000000 0.000000
0.903000 0.000000 0.000000 1090.000000 100.000000 1.000000 0.000000 0.000000
0.904000 0.000000 0.000000 1090.000000 100.000000 1.000000 0.000000 0.000000
0.905000 0.000000 0.000000 1090.000000 100.000000 1.000000 0.000000 0.000000
0.906000 0.000000 0.000000 1090.000000 100.000000 1.000000 0.000000 0.000000
0.907000 0.000000 0.000000 1090.000000 100.000000 1.000000 0.000000 0.000000
0.908000 0.000000 0.000000 1090.000000 100.000000 1.000000 0.000000 0.000000
0.909000 0.000000 0.000000 1090.000000 100.000000 1.000000 0.000000 0.000000
0.910000 0.000000 0.000000 1090.000000 100.000000 1.000000 0.000000 0.000000
0.911000 0.000000 0.000000 1090.000000 100.000000 1.000000 0.000000 0.000000
0.912000 0.000000 0.000000 1090.000000 100.000000 1.000000 0.000000 0.000000
0.913000 0.000000 0.000000 1090.000000 100.000000 1.000000 0.000000 0.000000
0.914000 0.000000 0.000000 1090.000000 100.000000 1.000000 0.000000 0.000000
0.915000 0.000000 0.000000 1090.000000 100.000000 1.000000 0.000000 0.000000
0.916000 0.000000 0.000000 1090.000000 100.000000 1.000000 0.000000 0.000000
0.917000 0.000000 0.000000 1090.000000 100.000000 1.000000 0.000000 0.000000
0.918000 0.000000 0.000000 1090.000000 100.000000 1.000000 0.000000 0.000000
0.919000 0.000000 0.000000 1090.000000 100.000000 1.000000 0.000000 0.000000
0.920000 0.000000 0.000000 1090.000000 100.000000 1.000000 0.000000 0.000000
0.921000 0.000000 0.000000 1090.000000 100.000000 1.000000 0.000000 0.000000
0.922000 0.000000 0.000000 1090.000000 100.000000 1.000000 0.000000 0.000000
0.923000 0.000000 0.000000 1090.000000 100.000000 1.000000 0.000000 0.000000
0.924000 0.000000 0.000000 1090.000000 100.000000 1.000000 0.000000 0.000000
0.925000 0.000000 0.000000 1090.000000 100.000000 1.000000 0.000000 0.000000
0.926000 0.000000 0.000000 1090.000000 100.000000 1.000000 0.000000 0.000000
0.927000 0.000000 0.000000 1090.000000 100.000000 1.000000 0.000000 0.000000
0.928000 0.000000 0.000000 1090.000000 100.000000 1.000000 0.000000 0.000000
0.929000 0.000000 0.000000 1090.000000 100.000000 1.000000 0.000000 0.000000
0.930000 0.000000 0.000000 1090.000000 100.000000 1.000000 0.000000 0.000000
0.931000 0.000000 0.000000 1090.000000 100.000000 1.000000 0.000000 0.000000
0.932000 0.000000 0.000000 1090.000000 100.000000 1.000000 0.000000 0.000000
0.933000 0.000000 0.000000 1090.000000 100.000000 1.000000 0.000000 0.000000
0.934000 0.000000 0.000000 1090.000000 100.000000 1.000000 0.000000 0.000000
0.935000 0.000000 0.000000 1090.000000 100.000000 1.000000 0.000000 0.000000
0.936000 0.000000 0.000000 1090.000000 100.000000 1.000000 0.000000 0.000000
0.937000 0.000000 0.000000 1090.000000 100.000000 1.000000 0.000000 0.000000
0.938000 0.000000 0.000000 1090.000000 100.000000 1.000000 0.000000 0.000000
0.939000 0.000000 0.000000 1090.000000 100.000000 1.000000 0.000000 0.000000
0.940000 0.000000 0.000000 1090.000000 100.000000 1.000000 0.000000 0.000000
0.941000 0.000000 0.000000 1090.000000 100.000000 1.000000 0.000000 0.000000
0.942000 0.000000 0.000000 1090.000000 100.000000 1.000000 0.000000 0.000000
0.943000 0.000000 0.000000 1090.000000 100.000000 1.000000 0.000000 0.000000
0.944000 0.000000 0.000000 1090.000000 100.000000 1.000000 0.000000 0.000000
0.945000 0.000000 0.000000 1090.000000 100.000000 1.000000 0.000000 0.000000
0.946000 0.000000 0.000000 1090.000000 100.000000 1.000000 0.000000 0.000000
0.947000 0.000000 0.000000 1090.000000 100.000000 1.000000 0.000000 0.000000
0.948000 0.000000 0.000000 1090.000000 100.000000 1.000000 0.000000 0.000000
0.949000 0.000000 0.000000 1090.000000 100.000000 1.000000 0.000000 0.000000
0.950000 0.000000 0.000000 1090.000000 100.000000 1.000000 0.000000 0.000000
0.951000 0.000000 0.000000 1090.000000 100.000000 1.000000 0.000000 0.000000
0.952000 0.000000 0.000000 1090.000000 100.000000 1.000000 0.000000 0.000000
0.953000 0.000000 0.000000 1090.000000 100.000000 1.000000 0.000000 0.000000
0.954000 0.000000 0.000000 1090.000000 100.000000 1.000000 0.000000 0.000000
0.955000 0.000000 0.000000 1090.000000 100.000000 1.000000 0.000000 0.000000
0.956000 0.000000 0.000000 1090.000000 100.000000 1.000000 0.000000 0.000000
0.957000 0.000000 0.000000 1090.000000 100.000000 1.000000 0.000000 0.000000
0.958000 0.000000 0.000000 1090.000000 100.000000 1.000000 0.000000 0.000000
0.959000 0.000000 0.000000 1090.000000 100.000000 1.000000 0.000000 0.000000
0.960000 0.000000 0.000000 1090.000000 100.000000 1.000000 0.000000 0.000000
0.961000 0.000000 0.000000 1090.000000 100.000000 1.000000 0.000000 0.000000
0.962000 0.000000 0.000000 1090.000000 100.000000 1.000000 0.000000 0.000000
0.963000 0.000000 0.000000 1090.000000 100.000000 1.000000 0.000000 0.000000
0.964000 0.000000 0.000000 1090.000000 100.000000 1.000000 0.000000 0.000000
0.965000 0.000000 0.000000 1090.000000 100.000000 1.000000 0.000000 0.000000
0.966000 0.000000 0.000000 1090.000000 100.000000 1.000000 0.000000 0.000000
0.967000 0.000000 0.000000 1090.000000 100.000000 1.000000 0.000000 0.000000
0.968000 0.000000 0.000000 1090.000000 100.000000 1.000000 0.000000 0.000000
0.969000 0.000000 0.000000 1090.000000 100.000000 1.000000 0.000000 0.000000
0.970000 0.000000 0.000000 1090.000000 100.000000 1.000000 0.000000 0.000000
0.971000 0.000000 0.000000 1090.000000 100.000000 1.000000 0.000000 0.000000
0.972000 0.000000 0.000000 1090.000000 100.000000 1.000000 0.000000 0.000000
0.973000 0.000000 0.000000 1090.000000 100.000000 1.000000 0.000000 0.000000
0.974000 0.000000 0.000000 1090.000000 100.000000 1.000000 0.000000 0.000000
0.975000 0.000000 0.000000 1090.000000 100.000000 1.000000 0.000000 0.000000
0.976000 0.000000 0.000000 1090.000000 100.000000 1.000000 0.000000 0.000000
0.977000 0.000000 0.000000 1090.000000 100.000000 1.000000 0.000000 0.000000
0.978000 0.000000 0.000000 1090.000000 100.000000 1.000000 0.000000 0.000000
0.979000 0.000000 0.000000 1090.000000 100.000000 1.000000 0.000000 0.000000
0.980000 0.000000 0.000000 1090.000000 100.000000 1.000000 0.000000 0.000000
0.981000 0.000000 0.000000 1090.000000 100.000000 1.000000 0.000000 0.000000
0.982000 0.000000 0.000000 1090.000000 100.000000 1.000000 0.000000 0.000000
0.983000 0.000000 0.000000 1090.000000 100.000000 1.000000 0.000000 0.000000
0.984000 0.000000 0.000000 1090.000000 100.000000 1.000000 0.000000 0.000000
0.985000 0.000000 0.000000 1090.000000 100.000000 1.000000 0.000000 0.000000
0.986000 0.000000 0.000000 1090.000000 100.000000 1.000000 0.000000 0.000000
0.987000 0.000000 0.000000 1090.000000 100.000000 1.000000 0.000000 0.000000
0.988000 0.000000 0.000000 1090.000000 100.000000 1.000000 0.000000 0.000000
0.989000 0.000000 0.000000 1090.000000 100.000000 1.000000 0.000000 0.000000
0.990000 0.000000 0.000000 1090.000000 100.000000 1.000000 0.000000 0.000000
0.991000 0.000000 0.000000 1090.000000 100.000000 1.000000 0.000000 0.000000
0.992000 0.000000 0.000000 1090.000000 100.000000 1.000000 0.000000 0.000000
0.993000 0.000000 0.000000 1090.000000 100.000000 1.000000 0.000000 0.000000
0.994000 0.000000 0.000000 1090.000000 100.000000 1.000000 0.000000 0.000000
0.995000 0.000000 0.000000 1090.000000 100.000000 1.000000 0.000000 0.000000
0.996000 0.000000 0.000000 1090.000000 100.000000 1.000000 0.000000 0.000000
0.997000 0.000000 0.000000 1090.000000 100.000000 1.000000 0.000000 0.000000
0.998000 0.000000 0.000000 1090.000000 100.000000 1.000000 0.000000 0.000000
0.999000 0.000000 0.000000 1090.000000 100.000000 1.000000 0.000000 0.000000
