THRESH TP FP TN FN ESPECIFICIDADE SENSITIVIDADE PRECISAO
0.000000 100.000000 1090.000000 0.000000 0.000000 0.000000 1.000000 0.084034
0.001000 99.000000 1079.000000 11.000000 1.000000 0.010092 0.990000 0.084041
0.002000 99.000000 1076.000000 14.000000 1.000000 0.012844 0.990000 0.084255
0.003000 99.000000 1073.000000 17.000000 1.000000 0.015596 0.990000 0.084471
0.004000 99.000000 1072.000000 18.000000 1.000000 0.016514 0.990000 0.084543
0.005000 96.000000 1068.000000 22.000000 4.000000 0.020183 0.960000 0.082474
0.006000 96.000000 1068.000000 22.000000 4.000000 0.020183 0.960000 0.082474
0.007000 96.000000 1065.000000 25.000000 4.000000 0.022936 0.960000 0.082687
0.008000 96.000000 1063.000000 27.000000 4.000000 0.024771 0.960000 0.082830
0.009000 96.000000 1060.000000 30.000000 4.000000 0.027523 0.960000 0.083045
0.010000 96.000000 1058.000000 32.000000 4.000000 0.029358 0.960000 0.083189
0.011000 96.000000 1055.000000 35.000000 4.000000 0.032110 0.960000 0.083406
0.012000 96.000000 1051.000000 39.000000 4.000000 0.035780 0.960000 0.083697
0.013000 96.000000 1050.000000 40.000000 4.000000 0.036697 0.960000 0.083770
0.014000 96.000000 1045.000000 45.000000 4.000000 0.041284 0.960000 0.084137
0.015000 96.000000 1037.000000 53.000000 4.000000 0.048624 0.960000 0.084731
0.016000 94.000000 1031.000000 59.000000 6.000000 0.054128 0.940000 0.083556
0.017000 93.000000 1031.000000 59.000000 7.000000 0.054128 0.930000 0.082740
0.018000 93.000000 1029.000000 61.000000 7.000000 0.055963 0.930000 0.082888
0.019000 93.000000 1028.000000 62.000000 7.000000 0.056881 0.930000 0.082962
0.020000 93.000000 1027.000000 63.000000 7.000000 0.057798 0.930000 0.083036
0.021000 93.000000 1027.000000 63.000000 7.000000 0.057798 0.930000 0.083036
0.022000 93.000000 1025.000000 65.000000 7.000000 0.059633 0.930000 0.083184
0.023000 92.000000 1024.000000 66.000000 8.000000 0.060550 0.920000 0.082437
0.024000 90.000000 1021.000000 69.000000 10.000000 0.063303 0.900000 0.081008
0.025000 90.000000 1020.000000 70.000000 10.000000 0.064220 0.900000 0.081081
0.026000 90.000000 1017.000000 73.000000 10.000000 0.066972 0.900000 0.081301
0.027000 90.000000 1012.000000 78.000000 10.000000 0.071560 0.900000 0.081670
0.028000 90.000000 1011.000000 79.000000 10.000000 0.072477 0.900000 0.081744
0.029000 90.000000 1011.000000 79.000000 10.000000 0.072477 0.900000 0.081744
0.030000 90.000000 1009.000000 81.000000 10.000000 0.074312 0.900000 0.081893
0.031000 90.000000 1005.000000 85.000000 10.000000 0.077982 0.900000 0.082192
0.032000 90.000000 1002.000000 88.000000 10.000000 0.080734 0.900000 0.082418
0.033000 90.000000 999.000000 91.000000 10.000000 0.083486 0.900000 0.082645
0.034000 90.000000 995.000000 95.000000 10.000000 0.087156 0.900000 0.082949
0.035000 88.000000 992.000000 98.000000 12.000000 0.089908 0.880000 0.081481
0.036000 88.000000 987.000000 103.000000 12.000000 0.094495 0.880000 0.081860
0.037000 88.000000 985.000000 105.000000 12.000000 0.096330 0.880000 0.082013
0.038000 86.000000 982.000000 108.000000 14.000000 0.099083 0.860000 0.080524
0.039000 86.000000 979.000000 111.000000 14.000000 0.101835 0.860000 0.080751
0.040000 86.000000 973.000000 117.000000 14.000000 0.107339 0.860000 0.081209
0.041000 86.000000 973.000000 117.000000 14.000000 0.107339 0.860000 0.081209
0.042000 86.000000 968.000000 122.000000 14.000000 0.111927 0.860000 0.081594
0.043000 85.000000 967.000000 123.000000 15.000000 0.112844 0.850000 0.080798
0.044000 85.000000 965.000000 125.000000 15.000000 0.114679 0.850000 0.080952
0.045000 85.000000 960.000000 130.000000 15.000000 0.119266 0.850000 0.081340
0.046000 85.000000 953.000000 137.000000 15.000000 0.125688 0.850000 0.081888
0.047000 85.000000 950.000000 140.000000 15.000000 0.128440 0.850000 0.082126
0.048000 85.000000 946.000000 144.000000 15.000000 0.132110 0.850000 0.082444
0.049000 85.000000 941.000000 149.000000 15.000000 0.136697 0.850000 0.082846
0.050000 85.000000 935.000000 155.000000 15.000000 0.142202 0.850000 0.083333
0.051000 85.000000 934.000000 156.000000 15.000000 0.143119 0.850000 0.083415
0.052000 85.000000 927.000000 163.000000 15.000000 0.149541 0.850000 0.083992
0.053000 85.000000 926.000000 164.000000 15.000000 0.150459 0.850000 0.084075
0.054000 85.000000 922.000000 168.000000 15.000000 0.154128 0.850000 0.084409
0.055000 85.000000 918.000000 172.000000 15.000000 0.157798 0.850000 0.084746
0.056000 85.000000 911.000000 179.000000 15.000000 0.164220 0.850000 0.085341
0.057000 85.000000 906.000000 184.000000 15.000000 0.168807 0.850000 0.085772
0.058000 85.000000 903.000000 187.000000 15.000000 0.171560 0.850000 0.086032
0.059000 85.000000 899.000000 191.000000 15.000000 0.175229 0.850000 0.086382
0.060000 85.000000 899.000000 191.000000 15.000000 0.175229 0.850000 0.086382
0.061000 84.000000 897.000000 193.000000 16.000000 0.177064 0.840000 0.085627
0.062000 84.000000 893.000000 197.000000 16.000000 0.180734 0.840000 0.085977
0.063000 83.000000 890.000000 200.000000 17.000000 0.183486 0.830000 0.085303
0.064000 83.000000 886.000000 204.000000 17.000000 0.187156 0.830000 0.085655
0.065000 83.000000 884.000000 206.000000 17.000000 0.188991 0.830000 0.085832
0.066000 83.000000 880.000000 210.000000 17.000000 0.192661 0.830000 0.086189
0.067000 83.000000 875.000000 215.000000 17.000000 0.197248 0.830000 0.086639
0.068000 82.000000 873.000000 217.000000 18.000000 0.199083 0.820000 0.085864
0.069000 81.000000 867.000000 223.000000 19.000000 0.204587 0.810000 0.085443
0.070000 81.000000 863.000000 227.000000 19.000000 0.208257 0.810000 0.085805
0.071000 81.000000 859.000000 231.000000 19.000000 0.211927 0.810000 0.086170
0.072000 81.000000 855.000000 235.000000 19.000000 0.215596 0.810000 0.086538
0.073000 80.000000 852.000000 238.000000 20.000000 0.218349 0.800000 0.085837
0.074000 79.000000 846.000000 244.000000 21.000000 0.223853 0.790000 0.085405
0.075000 79.000000 840.000000 250.000000 21.000000 0.229358 0.790000 0.085963
0.076000 78.000000 838.000000 252.000000 22.000000 0.231193 0.780000 0.085153
0.077000 77.000000 834.000000 256.000000 23.000000 0.234862 0.770000 0.084523
0.078000 77.000000 829.000000 261.000000 23.000000 0.239450 0.770000 0.084989
0.079000 76.000000 826.000000 264.000000 24.000000 0.242202 0.760000 0.084257
0.080000 76.000000 821.000000 269.000000 24.000000 0.246789 0.760000 0.084727
0.081000 76.000000 816.000000 274.000000 24.000000 0.251376 0.760000 0.085202
0.082000 76.000000 812.000000 278.000000 24.000000 0.255046 0.760000 0.085586
0.083000 76.000000 808.000000 282.000000 24.000000 0.258716 0.760000 0.085973
0.084000 76.000000 805.000000 285.000000 24.000000 0.261468 0.760000 0.086266
0.085000 76.000000 803.000000 287.000000 24.000000 0.263303 0.760000 0.086462
0.086000 76.000000 797.000000 293.000000 24.000000 0.268807 0.760000 0.087056
0.087000 76.000000 792.000000 298.000000 24.000000 0.273394 0.760000 0.087558
0.088000 76.000000 788.000000 302.000000 24.000000 0.277064 0.760000 0.087963
0.089000 76.000000 787.000000 303.000000 24.000000 0.277982 0.760000 0.088065
0.090000 76.000000 781.000000 309.000000 24.000000 0.283486 0.760000 0.088681
0.091000 76.000000 778.000000 312.000000 24.000000 0.286239 0.760000 0.088993
0.092000 76.000000 772.000000 318.000000 24.000000 0.291743 0.760000 0.089623
0.093000 76.000000 768.000000 322.000000 24.000000 0.295413 0.760000 0.090047
0.094000 76.000000 767.000000 323.000000 24.000000 0.296330 0.760000 0.090154
0.095000 76.000000 766.000000 324.000000 24.000000 0.297248 0.760000 0.090261
0.096000 76.000000 765.000000 325.000000 24.000000 0.298165 0.760000 0.090369
0.097000 76.000000 761.000000 329.000000 24.000000 0.301835 0.760000 0.090800
0.098000 76.000000 756.000000 334.000000 24.000000 0.306422 0.760000 0.091346
0.099000 76.000000 753.000000 337.000000 24.000000 0.309174 0.760000 0.091677
0.100000 76.000000 749.000000 341.000000 24.000000 0.312844 0.760000 0.092121
0.101000 76.000000 741.000000 349.000000 24.000000 0.320183 0.760000 0.093023
0.102000 75.000000 739.000000 351.000000 25.000000 0.322018 0.750000 0.092138
0.103000 75.000000 735.000000 355.000000 25.000000 0.325688 0.750000 0.092593
0.104000 74.000000 724.000000 366.000000 26.000000 0.335780 0.740000 0.092732
0.105000 74.000000 719.000000 371.000000 26.000000 0.340367 0.740000 0.093317
0.106000 72.000000 715.000000 375.000000 28.000000 0.344037 0.720000 0.091487
0.107000 71.000000 710.000000 380.000000 29.000000 0.348624 0.710000 0.090909
0.108000 71.000000 703.000000 387.000000 29.000000 0.355046 0.710000 0.091731
0.109000 71.000000 700.000000 390.000000 29.000000 0.357798 0.710000 0.092088
0.110000 69.000000 696.000000 394.000000 31.000000 0.361468 0.690000 0.090196
0.111000 69.000000 695.000000 395.000000 31.000000 0.362385 0.690000 0.090314
0.112000 69.000000 692.000000 398.000000 31.000000 0.365138 0.690000 0.090670
0.113000 69.000000 688.000000 402.000000 31.000000 0.368807 0.690000 0.091149
0.114000 68.000000 682.000000 408.000000 32.000000 0.374312 0.680000 0.090667
0.115000 68.000000 677.000000 413.000000 32.000000 0.378899 0.680000 0.091275
0.116000 66.000000 672.000000 418.000000 34.000000 0.383486 0.660000 0.089431
0.117000 64.000000 667.000000 423.000000 36.000000 0.388073 0.640000 0.087551
0.118000 64.000000 665.000000 425.000000 36.000000 0.389908 0.640000 0.087791
0.119000 64.000000 662.000000 428.000000 36.000000 0.392661 0.640000 0.088154
0.120000 63.000000 661.000000 429.000000 37.000000 0.393578 0.630000 0.087017
0.121000 63.000000 660.000000 430.000000 37.000000 0.394495 0.630000 0.087137
0.122000 63.000000 656.000000 434.000000 37.000000 0.398165 0.630000 0.087622
0.123000 62.000000 653.000000 437.000000 38.000000 0.400917 0.620000 0.086713
0.124000 62.000000 648.000000 442.000000 38.000000 0.405505 0.620000 0.087324
0.125000 61.000000 646.000000 444.000000 39.000000 0.407339 0.610000 0.086280
0.126000 61.000000 641.000000 449.000000 39.000000 0.411927 0.610000 0.086895
0.127000 60.000000 639.000000 451.000000 40.000000 0.413761 0.600000 0.085837
0.128000 59.000000 634.000000 456.000000 41.000000 0.418349 0.590000 0.085137
0.129000 59.000000 629.000000 461.000000 41.000000 0.422936 0.590000 0.085756
0.130000 58.000000 626.000000 464.000000 42.000000 0.425688 0.580000 0.084795
0.131000 57.000000 626.000000 464.000000 43.000000 0.425688 0.570000 0.083455
0.132000 57.000000 620.000000 470.000000 43.000000 0.431193 0.570000 0.084195
0.133000 55.000000 614.000000 476.000000 45.000000 0.436697 0.550000 0.082212
0.134000 55.000000 614.000000 476.000000 45.000000 0.436697 0.550000 0.082212
0.135000 55.000000 608.000000 482.000000 45.000000 0.442202 0.550000 0.082956
0.136000 55.000000 604.000000 486.000000 45.000000 0.445872 0.550000 0.083460
0.137000 55.000000 601.000000 489.000000 45.000000 0.448624 0.550000 0.083841
0.138000 55.000000 600.000000 490.000000 45.000000 0.449541 0.550000 0.083969
0.139000 55.000000 595.000000 495.000000 45.000000 0.454128 0.550000 0.084615
0.140000 54.000000 590.000000 500.000000 46.000000 0.458716 0.540000 0.083851
0.141000 53.000000 589.000000 501.000000 47.000000 0.459633 0.530000 0.082555
0.142000 53.000000 580.000000 510.000000 47.000000 0.467890 0.530000 0.083728
0.143000 53.000000 578.000000 512.000000 47.000000 0.469725 0.530000 0.083994
0.144000 53.000000 577.000000 513.000000 47.000000 0.470642 0.530000 0.084127
0.145000 53.000000 575.000000 515.000000 47.000000 0.472477 0.530000 0.084395
0.146000 53.000000 573.000000 517.000000 47.000000 0.474312 0.530000 0.084665
0.147000 53.000000 572.000000 518.000000 47.000000 0.475229 0.530000 0.084800
0.148000 52.000000 569.000000 521.000000 48.000000 0.477982 0.520000 0.083736
0.149000 51.000000 564.000000 526.000000 49.000000 0.482569 0.510000 0.082927
0.150000 51.000000 562.000000 528.000000 49.000000 0.484404 0.510000 0.083197
0.151000 51.000000 558.000000 532.000000 49.000000 0.488073 0.510000 0.083744
0.152000 51.000000 555.000000 535.000000 49.000000 0.490826 0.510000 0.084158
0.153000 51.000000 552.000000 538.000000 49.000000 0.493578 0.510000 0.084577
0.154000 50.000000 550.000000 540.000000 50.000000 0.495413 0.500000 0.083333
0.155000 50.000000 548.000000 542.000000 50.000000 0.497248 0.500000 0.083612
0.156000 50.000000 544.000000 546.000000 50.000000 0.500917 0.500000 0.084175
0.157000 50.000000 541.000000 549.000000 50.000000 0.503670 0.500000 0.084602
0.158000 50.000000 534.000000 556.000000 50.000000 0.510092 0.500000 0.085616
0.159000 49.000000 533.000000 557.000000 51.000000 0.511009 0.490000 0.084192
0.160000 47.000000 531.000000 559.000000 53.000000 0.512844 0.470000 0.081315
0.161000 46.000000 531.000000 559.000000 54.000000 0.512844 0.460000 0.079723
0.162000 45.000000 530.000000 560.000000 55.000000 0.513761 0.450000 0.078261
0.163000 45.000000 527.000000 563.000000 55.000000 0.516514 0.450000 0.078671
0.164000 45.000000 523.000000 567.000000 55.000000 0.520183 0.450000 0.079225
0.165000 45.000000 521.000000 569.000000 55.000000 0.522018 0.450000 0.079505
0.166000 45.000000 518.000000 572.000000 55.000000 0.524771 0.450000 0.079929
0.167000 45.000000 518.000000 572.000000 55.000000 0.524771 0.450000 0.079929
0.168000 45.000000 512.000000 578.000000 55.000000 0.530275 0.450000 0.080790
0.169000 45.000000 511.000000 579.000000 55.000000 0.531193 0.450000 0.080935
0.170000 45.000000 508.000000 582.000000 55.000000 0.533945 0.450000 0.081374
0.171000 45.000000 504.000000 586.000000 55.000000 0.537615 0.450000 0.081967
0.172000 45.000000 496.000000 594.000000 55.000000 0.544954 0.450000 0.083179
0.173000 45.000000 490.000000 600.000000 55.000000 0.550459 0.450000 0.084112
0.174000 45.000000 487.000000 603.000000 55.000000 0.553211 0.450000 0.084586
0.175000 45.000000 484.000000 606.000000 55.000000 0.555963 0.450000 0.085066
0.176000 45.000000 481.000000 609.000000 55.000000 0.558716 0.450000 0.085551
0.177000 45.000000 480.000000 610.000000 55.000000 0.559633 0.450000 0.085714
0.178000 45.000000 472.000000 618.000000 55.000000 0.566972 0.450000 0.087041
0.179000 45.000000 467.000000 623.000000 55.000000 0.571560 0.450000 0.087891
0.180000 43.000000 464.000000 626.000000 57.000000 0.574312 0.430000 0.084813
0.181000 43.000000 464.000000 626.000000 57.000000 0.574312 0.430000 0.084813
0.182000 43.000000 460.000000 630.000000 57.000000 0.577982 0.430000 0.085487
0.183000 43.000000 451.000000 639.000000 57.000000 0.586239 0.430000 0.087045
0.184000 42.000000 449.000000 641.000000 58.000000 0.588073 0.420000 0.085540
0.185000 42.000000 444.000000 646.000000 58.000000 0.592661 0.420000 0.086420
0.186000 42.000000 439.000000 651.000000 58.000000 0.597248 0.420000 0.087318
0.187000 41.000000 436.000000 654.000000 59.000000 0.600000 0.410000 0.085954
0.188000 41.000000 433.000000 657.000000 59.000000 0.602752 0.410000 0.086498
0.189000 41.000000 431.000000 659.000000 59.000000 0.604587 0.410000 0.086864
0.190000 41.000000 427.000000 663.000000 59.000000 0.608257 0.410000 0.087607
0.191000 40.000000 423.000000 667.000000 60.000000 0.611927 0.400000 0.086393
0.192000 39.000000 419.000000 671.000000 61.000000 0.615596 0.390000 0.085153
0.193000 39.000000 415.000000 675.000000 61.000000 0.619266 0.390000 0.085903
0.194000 39.000000 410.000000 680.000000 61.000000 0.623853 0.390000 0.086860
0.195000 39.000000 406.000000 684.000000 61.000000 0.627523 0.390000 0.087640
0.196000 38.000000 401.000000 689.000000 62.000000 0.632110 0.380000 0.086560
0.197000 38.000000 397.000000 693.000000 62.000000 0.635780 0.380000 0.087356
0.198000 37.000000 394.000000 696.000000 63.000000 0.638532 0.370000 0.085847
0.199000 37.000000 391.000000 699.000000 63.000000 0.641284 0.370000 0.086449
0.200000 36.000000 389.000000 701.000000 64.000000 0.643119 0.360000 0.084706
0.201000 36.000000 389.000000 701.000000 64.000000 0.643119 0.360000 0.084706
0.202000 36.000000 384.000000 706.000000 64.000000 0.647706 0.360000 0.085714
0.203000 36.000000 383.000000 707.000000 64.000000 0.648624 0.360000 0.085919
0.204000 35.000000 381.000000 709.000000 65.000000 0.650459 0.350000 0.084135
0.205000 35.000000 375.000000 715.000000 65.000000 0.655963 0.350000 0.085366
0.206000 35.000000 375.000000 715.000000 65.000000 0.655963 0.350000 0.085366
0.207000 34.000000 371.000000 719.000000 66.000000 0.659633 0.340000 0.083951
0.208000 34.000000 367.000000 723.000000 66.000000 0.663303 0.340000 0.084788
0.209000 34.000000 361.000000 729.000000 66.000000 0.668807 0.340000 0.086076
0.210000 34.000000 358.000000 732.000000 66.000000 0.671560 0.340000 0.086735
0.211000 33.000000 357.000000 733.000000 67.000000 0.672477 0.330000 0.084615
0.212000 33.000000 356.000000 734.000000 67.000000 0.673394 0.330000 0.084833
0.213000 33.000000 354.000000 736.000000 67.000000 0.675229 0.330000 0.085271
0.214000 33.000000 353.000000 737.000000 67.000000 0.676147 0.330000 0.085492
0.215000 31.000000 349.000000 741.000000 69.000000 0.679817 0.310000 0.081579
0.216000 31.000000 348.000000 742.000000 69.000000 0.680734 0.310000 0.081794
0.217000 31.000000 347.000000 743.000000 69.000000 0.681651 0.310000 0.082011
0.218000 30.000000 343.000000 747.000000 70.000000 0.685321 0.300000 0.080429
0.219000 29.000000 339.000000 751.000000 71.000000 0.688991 0.290000 0.078804
0.220000 29.000000 335.000000 755.000000 71.000000 0.692661 0.290000 0.079670
0.221000 27.000000 332.000000 758.000000 73.000000 0.695413 0.270000 0.075209
0.222000 27.000000 332.000000 758.000000 73.000000 0.695413 0.270000 0.075209
0.223000 27.000000 325.000000 765.000000 73.000000 0.701835 0.270000 0.076705
0.224000 26.000000 323.000000 767.000000 74.000000 0.703670 0.260000 0.074499
0.225000 25.000000 320.000000 770.000000 75.000000 0.706422 0.250000 0.072464
0.226000 25.000000 317.000000 773.000000 75.000000 0.709174 0.250000 0.073099
0.227000 25.000000 314.000000 776.000000 75.000000 0.711927 0.250000 0.073746
0.228000 22.000000 311.000000 779.000000 78.000000 0.714679 0.220000 0.066066
0.229000 22.000000 304.000000 786.000000 78.000000 0.721101 0.220000 0.067485
0.230000 21.000000 302.000000 788.000000 79.000000 0.722936 0.210000 0.065015
0.231000 21.000000 301.000000 789.000000 79.000000 0.723853 0.210000 0.065217
0.232000 21.000000 299.000000 791.000000 79.000000 0.725688 0.210000 0.065625
0.233000 21.000000 293.000000 797.000000 79.000000 0.731193 0.210000 0.066879
0.234000 21.000000 290.000000 800.000000 79.000000 0.733945 0.210000 0.067524
0.235000 21.000000 288.000000 802.000000 79.000000 0.735780 0.210000 0.067961
0.236000 20.000000 288.000000 802.000000 80.000000 0.735780 0.200000 0.064935
0.237000 19.000000 286.000000 804.000000 81.000000 0.737615 0.190000 0.062295
0.238000 18.000000 283.000000 807.000000 82.000000 0.740367 0.180000 0.059801
0.239000 18.000000 283.000000 807.000000 82.000000 0.740367 0.180000 0.059801
0.240000 18.000000 277.000000 813.000000 82.000000 0.745872 0.180000 0.061017
0.241000 18.000000 275.000000 815.000000 82.000000 0.747706 0.180000 0.061433
0.242000 18.000000 270.000000 820.000000 82.000000 0.752294 0.180000 0.062500
0.243000 18.000000 267.000000 823.000000 82.000000 0.755046 0.180000 0.063158
0.244000 18.000000 264.000000 826.000000 82.000000 0.757798 0.180000 0.063830
0.245000 18.000000 262.000000 828.000000 82.000000 0.759633 0.180000 0.064286
0.246000 18.000000 259.000000 831.000000 82.000000 0.762385 0.180000 0.064982
0.247000 18.000000 256.000000 834.000000 82.000000 0.765138 0.180000 0.065693
0.248000 17.000000 253.000000 837.000000 83.000000 0.767890 0.170000 0.062963
0.249000 17.000000 253.000000 837.000000 83.000000 0.767890 0.170000 0.062963
0.250000 17.000000 252.000000 838.000000 83.000000 0.768807 0.170000 0.063197
0.251000 16.000000 248.000000 842.000000 84.000000 0.772477 0.160000 0.060606
0.252000 16.000000 248.000000 842.000000 84.000000 0.772477 0.160000 0.060606
0.253000 16.000000 246.000000 844.000000 84.000000 0.774312 0.160000 0.061069
0.254000 16.000000 242.000000 848.000000 84.000000 0.777982 0.160000 0.062016
0.255000 16.000000 237.000000 853.000000 84.000000 0.782569 0.160000 0.063241
0.256000 16.000000 237.000000 853.000000 84.000000 0.782569 0.160000 0.063241
0.257000 16.000000 236.000000 854.000000 84.000000 0.783486 0.160000 0.063492
0.258000 16.000000 230.000000 860.000000 84.000000 0.788991 0.160000 0.065041
0.259000 15.000000 225.000000 865.000000 85.000000 0.793578 0.150000 0.062500
0.260000 15.000000 222.000000 868.000000 85.000000 0.796330 0.150000 0.063291
0.261000 15.000000 220.000000 870.000000 85.000000 0.798165 0.150000 0.063830
0.262000 15.000000 219.000000 871.000000 85.000000 0.799083 0.150000 0.064103
0.263000 15.000000 215.000000 875.000000 85.000000 0.802752 0.150000 0.065217
0.264000 15.000000 214.000000 876.000000 85.000000 0.803670 0.150000 0.065502
0.265000 15.000000 210.000000 880.000000 85.000000 0.807339 0.150000 0.066667
0.266000 15.000000 209.000000 881.000000 85.000000 0.808257 0.150000 0.066964
0.267000 15.000000 208.000000 882.000000 85.000000 0.809174 0.150000 0.067265
0.268000 15.000000 208.000000 882.000000 85.000000 0.809174 0.150000 0.067265
0.269000 15.000000 207.000000 883.000000 85.000000 0.810092 0.150000 0.067568
0.270000 15.000000 206.000000 884.000000 85.000000 0.811009 0.150000 0.067873
0.271000 15.000000 204.000000 886.000000 85.000000 0.812844 0.150000 0.068493
0.272000 15.000000 201.000000 889.000000 85.000000 0.815596 0.150000 0.069444
0.273000 15.000000 195.000000 895.000000 85.000000 0.821101 0.150000 0.071429
0.274000 15.000000 193.000000 897.000000 85.000000 0.822936 0.150000 0.072115
0.275000 15.000000 191.000000 899.000000 85.000000 0.824771 0.150000 0.072816
0.276000 15.000000 188.000000 902.000000 85.000000 0.827523 0.150000 0.073892
0.277000 15.000000 186.000000 904.000000 85.000000 0.829358 0.150000 0.074627
0.278000 15.000000 184.000000 906.000000 85.000000 0.831193 0.150000 0.075377
0.279000 15.000000 181.000000 909.000000 85.000000 0.833945 0.150000 0.076531
0.280000 15.000000 181.000000 909.000000 85.000000 0.833945 0.150000 0.076531
0.281000 15.000000 180.000000 910.000000 85.000000 0.834862 0.150000 0.076923
0.282000 15.000000 176.000000 914.000000 85.000000 0.838532 0.150000 0.078534
0.283000 15.000000 172.000000 918.000000 85.000000 0.842202 0.150000 0.080214
0.284000 14.000000 168.000000 922.000000 86.000000 0.845872 0.140000 0.076923
0.285000 13.000000 167.000000 923.000000 87.000000 0.846789 0.130000 0.072222
0.286000 13.000000 167.000000 923.000000 87.000000 0.846789 0.130000 0.072222
0.287000 13.000000 166.000000 924.000000 87.000000 0.847706 0.130000 0.072626
0.288000 13.000000 163.000000 927.000000 87.000000 0.850459 0.130000 0.073864
0.289000 13.000000 162.000000 928.000000 87.000000 0.851376 0.130000 0.074286
0.290000 13.000000 161.000000 929.000000 87.000000 0.852294 0.130000 0.074713
0.291000 13.000000 161.000000 929.000000 87.000000 0.852294 0.130000 0.074713
0.292000 13.000000 160.000000 930.000000 87.000000 0.853211 0.130000 0.075145
0.293000 13.000000 156.000000 934.000000 87.000000 0.856881 0.130000 0.076923
0.294000 13.000000 154.000000 936.000000 87.000000 0.858716 0.130000 0.077844
0.295000 13.000000 151.000000 939.000000 87.000000 0.861468 0.130000 0.079268
0.296000 13.000000 150.000000 940.000000 87.000000 0.862385 0.130000 0.079755
0.297000 12.000000 149.000000 941.000000 88.000000 0.863303 0.120000 0.074534
0.298000 12.000000 145.000000 945.000000 88.000000 0.866972 0.120000 0.076433
0.299000 12.000000 145.000000 945.000000 88.000000 0.866972 0.120000 0.076433
0.300000 12.000000 144.000000 946.000000 88.000000 0.867890 0.120000 0.076923
0.301000 12.000000 144.000000 946.000000 88.000000 0.867890 0.120000 0.076923
0.302000 12.000000 144.000000 946.000000 88.000000 0.867890 0.120000 0.076923
0.303000 12.000000 141.000000 949.000000 88.000000 0.870642 0.120000 0.078431
0.304000 12.000000 140.000000 950.000000 88.000000 0.871560 0.120000 0.078947
0.305000 12.000000 137.000000 953.000000 88.000000 0.874312 0.120000 0.080537
0.306000 12.000000 133.000000 957.000000 88.000000 0.877982 0.120000 0.082759
0.307000 12.000000 131.000000 959.000000 88.000000 0.879817 0.120000 0.083916
0.308000 12.000000 125.000000 965.000000 88.000000 0.885321 0.120000 0.087591
0.309000 12.000000 124.000000 966.000000 88.000000 0.886239 0.120000 0.088235
0.310000 12.000000 124.000000 966.000000 88.000000 0.886239 0.120000 0.088235
0.311000 12.000000 124.000000 966.000000 88.000000 0.886239 0.120000 0.088235
0.312000 12.000000 123.000000 967.000000 88.000000 0.887156 0.120000 0.088889
0.313000 12.000000 122.000000 968.000000 88.000000 0.888073 0.120000 0.089552
0.314000 12.000000 121.000000 969.000000 88.000000 0.888991 0.120000 0.090226
0.315000 11.000000 121.000000 969.000000 89.000000 0.888991 0.110000 0.083333
0.316000 10.000000 117.000000 973.000000 90.000000 0.892661 0.100000 0.078740
0.317000 10.000000 116.000000 974.000000 90.000000 0.893578 0.100000 0.079365
0.318000 10.000000 115.000000 975.000000 90.000000 0.894495 0.100000 0.080000
0.319000 10.000000 115.000000 975.000000 90.000000 0.894495 0.100000 0.080000
0.320000 10.000000 114.000000 976.000000 90.000000 0.895413 0.100000 0.080645
0.321000 10.000000 114.000000 976.000000 90.000000 0.895413 0.100000 0.080645
0.322000 10.000000 113.000000 977.000000 90.000000 0.896330 0.100000 0.081301
0.323000 10.000000 111.000000 979.000000 90.000000 0.898165 0.100000 0.082645
0.324000 10.000000 110.000000 980.000000 90.000000 0.899083 0.100000 0.083333
0.325000 10.000000 109.000000 981.000000 90.000000 0.900000 0.100000 0.084034
0.326000 10.000000 108.000000 982.000000 90.000000 0.900917 0.100000 0.084746
0.327000 9.000000 105.000000 985.000000 91.000000 0.903670 0.090000 0.078947
0.328000 8.000000 103.000000 987.000000 92.000000 0.905505 0.080000 0.072072
0.329000 7.000000 103.000000 987.000000 93.000000 0.905505 0.070000 0.063636
0.330000 7.000000 103.000000 987.000000 93.000000 0.905505 0.070000 0.063636
0.331000 7.000000 101.000000 989.000000 93.000000 0.907339 0.070000 0.064815
0.332000 7.000000 101.000000 989.000000 93.000000 0.907339 0.070000 0.064815
0.333000 7.000000 100.000000 990.000000 93.000000 0.908257 0.070000 0.065421
0.334000 7.000000 98.000000 992.000000 93.000000 0.910092 0.070000 0.066667
0.335000 7.000000 97.000000 993.000000 93.000000 0.911009 0.070000 0.067308
0.336000 7.000000 94.000000 996.000000 93.000000 0.913761 0.070000 0.069307
0.337000 7.000000 94.000000 996.000000 93.000000 0.913761 0.070000 0.069307
0.338000 7.000000 93.000000 997.000000 93.000000 0.914679 0.070000 0.070000
0.339000 7.000000 92.000000 998.000000 93.000000 0.915596 0.070000 0.070707
0.340000 7.000000 89.000000 1001.000000 93.000000 0.918349 0.070000 0.072917
0.341000 7.000000 86.000000 1004.000000 93.000000 0.921101 0.070000 0.075269
0.342000 7.000000 86.000000 1004.000000 93.000000 0.921101 0.070000 0.075269
0.343000 7.000000 84.000000 1006.000000 93.000000 0.922936 0.070000 0.076923
0.344000 7.000000 83.000000 1007.000000 93.000000 0.923853 0.070000 0.077778
0.345000 6.000000 82.000000 1008.000000 94.000000 0.924771 0.060000 0.068182
0.346000 6.000000 80.000000 1010.000000 94.000000 0.926606 0.060000 0.069767
0.347000 6.000000 80.000000 1010.000000 94.000000 0.926606 0.060000 0.069767
0.348000 6.000000 80.000000 1010.000000 94.000000 0.926606 0.060000 0.069767
0.349000 6.000000 80.000000 1010.000000 94.000000 0.926606 0.060000 0.069767
0.350000 6.000000 76.000000 1014.000000 94.000000 0.930275 0.060000 0.073171
0.351000 6.000000 75.000000 1015.000000 94.000000 0.931193 0.060000 0.074074
0.352000 6.000000 75.000000 1015.000000 94.000000 0.931193 0.060000 0.074074
0.353000 6.000000 71.000000 1019.000000 94.000000 0.934862 0.060000 0.077922
0.354000 6.000000 69.000000 1021.000000 94.000000 0.936697 0.060000 0.080000
0.355000 6.000000 69.000000 1021.000000 94.000000 0.936697 0.060000 0.080000
0.356000 6.000000 69.000000 1021.000000 94.000000 0.936697 0.060000 0.080000
0.357000 6.000000 69.000000 1021.000000 94.000000 0.936697 0.060000 0.080000
0.358000 6.000000 68.000000 1022.000000 94.000000 0.937615 0.060000 0.081081
0.359000 6.000000 67.000000 1023.000000 94.000000 0.938532 0.060000 0.082192
0.360000 6.000000 66.000000 1024.000000 94.000000 0.939450 0.060000 0.083333
0.361000 6.000000 66.000000 1024.000000 94.000000 0.939450 0.060000 0.083333
0.362000 5.000000 64.000000 1026.000000 95.000000 0.941284 0.050000 0.072464
0.363000 4.000000 64.000000 1026.000000 96.000000 0.941284 0.040000 0.058824
0.364000 4.000000 61.000000 1029.000000 96.000000 0.944037 0.040000 0.061538
0.365000 4.000000 61.000000 1029.000000 96.000000 0.944037 0.040000 0.061538
0.366000 4.000000 61.000000 1029.000000 96.000000 0.944037 0.040000 0.061538
0.367000 4.000000 61.000000 1029.000000 96.000000 0.944037 0.040000 0.061538
0.368000 4.000000 59.000000 1031.000000 96.000000 0.945872 0.040000 0.063492
0.369000 4.000000 56.000000 1034.000000 96.000000 0.948624 0.040000 0.066667
0.370000 4.000000 56.000000 1034.000000 96.000000 0.948624 0.040000 0.066667
0.371000 4.000000 55.000000 1035.000000 96.000000 0.949541 0.040000 0.067797
0.372000 4.000000 55.000000 1035.000000 96.000000 0.949541 0.040000 0.067797
0.373000 4.000000 55.000000 1035.000000 96.000000 0.949541 0.040000 0.067797
0.374000 4.000000 54.000000 1036.000000 96.000000 0.950459 0.040000 0.068966
0.375000 4.000000 53.000000 1037.000000 96.000000 0.951376 0.040000 0.070175
0.376000 4.000000 53.000000 1037.000000 96.000000 0.951376 0.040000 0.070175
0.377000 4.000000 53.000000 1037.000000 96.000000 0.951376 0.040000 0.070175
0.378000 4.000000 52.000000 1038.000000 96.000000 0.952294 0.040000 0.071429
0.379000 4.000000 51.000000 1039.000000 96.000000 0.953211 0.040000 0.072727
0.380000 4.000000 51.000000 1039.000000 96.000000 0.953211 0.040000 0.072727
0.381000 4.000000 51.000000 1039.000000 96.000000 0.953211 0.040000 0.072727
0.382000 4.000000 50.000000 1040.000000 96.000000 0.954128 0.040000 0.074074
0.383000 4.000000 48.000000 1042.000000 96.000000 0.955963 0.040000 0.076923
0.384000 4.000000 48.000000 1042.000000 96.000000 0.955963 0.040000 0.076923
0.385000 4.000000 46.000000 1044.000000 96.000000 0.957798 0.040000 0.080000
0.386000 4.000000 46.000000 1044.000000 96.000000 0.957798 0.040000 0.080000
0.387000 4.000000 46.000000 1044.000000 96.000000 0.957798 0.040000 0.080000
0.388000 4.000000 46.000000 1044.000000 96.000000 0.957798 0.040000 0.080000
0.389000 4.000000 45.000000 1045.000000 96.000000 0.958716 0.040000 0.081633
0.390000 4.000000 44.000000 1046.000000 96.000000 0.959633 0.040000 0.083333
0.391000 4.000000 44.000000 1046.000000 96.000000 0.959633 0.040000 0.083333
0.392000 4.000000 43.000000 1047.000000 96.000000 0.960550 0.040000 0.085106
0.393000 4.000000 43.000000 1047.000000 96.000000 0.960550 0.040000 0.085106
0.394000 4.000000 43.000000 1047.000000 96.000000 0.960550 0.040000 0.085106
0.395000 4.000000 41.000000 1049.000000 96.000000 0.962385 0.040000 0.088889
0.396000 4.000000 39.000000 1051.000000 96.000000 0.964220 0.040000 0.093023
0.397000 4.000000 39.000000 1051.000000 96.000000 0.964220 0.040000 0.093023
0.398000 4.000000 37.000000 1053.000000 96.000000 0.966055 0.040000 0.097561
0.399000 4.000000 37.000000 1053.000000 96.000000 0.966055 0.040000 0.097561
0.400000 4.000000 34.000000 1056.000000 96.000000 0.968807 0.040000 0.105263
0.401000 4.000000 34.000000 1056.000000 96.000000 0.968807 0.040000 0.105263
0.402000 3.000000 34.000000 1056.000000 97.000000 0.968807 0.030000 0.081081
0.403000 3.000000 34.000000 1056.000000 97.000000 0.968807 0.030000 0.081081
0.404000 3.000000 32.000000 1058.000000 97.000000 0.970642 0.030000 0.085714
0.405000 3.000000 32.000000 1058.000000 97.000000 0.970642 0.030000 0.085714
0.406000 3.000000 32.000000 1058.000000 97.000000 0.970642 0.030000 0.085714
0.407000 3.000000 32.000000 1058.000000 97.000000 0.970642 0.030000 0.085714
0.408000 3.000000 32.000000 1058.000000 97.000000 0.970642 0.030000 0.085714
0.409000 3.000000 31.000000 1059.000000 97.000000 0.971560 0.030000 0.088235
0.410000 3.000000 31.000000 1059.000000 97.000000 0.971560 0.030000 0.088235
0.411000 3.000000 31.000000 1059.000000 97.000000 0.971560 0.030000 0.088235
0.412000 3.000000 30.000000 1060.000000 97.000000 0.972477 0.030000 0.090909
0.413000 3.000000 30.000000 1060.000000 97.000000 0.972477 0.030000 0.090909
0.414000 3.000000 30.000000 1060.000000 97.000000 0.972477 0.030000 0.090909
0.415000 3.000000 30.000000 1060.000000 97.000000 0.972477 0.030000 0.090909
0.416000 3.000000 30.000000 1060.000000 97.000000 0.972477 0.030000 0.090909
0.417000 3.000000 29.000000 1061.000000 97.000000 0.973394 0.030000 0.093750
0.418000 3.000000 29.000000 1061.000000 97.000000 0.973394 0.030000 0.093750
0.419000 3.000000 28.000000 1062.000000 97.000000 0.974312 0.030000 0.096774
0.420000 3.000000 28.000000 1062.000000 97.000000 0.974312 0.030000 0.096774
0.421000 3.000000 28.000000 1062.000000 97.000000 0.974312 0.030000 0.096774
0.422000 3.000000 28.000000 1062.000000 97.000000 0.974312 0.030000 0.096774
0.423000 3.000000 28.000000 1062.000000 97.000000 0.974312 0.030000 0.096774
0.424000 3.000000 28.000000 1062.000000 97.000000 0.974312 0.030000 0.096774
0.425000 3.000000 28.000000 1062.000000 97.000000 0.974312 0.030000 0.096774
0.426000 3.000000 28.000000 1062.000000 97.000000 0.974312 0.030000 0.096774
0.427000 3.000000 28.000000 1062.000000 97.000000 0.974312 0.030000 0.096774
0.428000 3.000000 28.000000 1062.000000 97.000000 0.974312 0.030000 0.096774
0.429000 3.000000 28.000000 1062.000000 97.000000 0.974312 0.030000 0.096774
0.430000 3.000000 27.000000 1063.000000 97.000000 0.975229 0.030000 0.100000
0.431000 3.000000 26.000000 1064.000000 97.000000 0.976147 0.030000 0.103448
0.432000 3.000000 25.000000 1065.000000 97.000000 0.977064 0.030000 0.107143
0.433000 3.000000 25.000000 1065.000000 97.000000 0.977064 0.030000 0.107143
0.434000 3.000000 24.000000 1066.000000 97.000000 0.977982 0.030000 0.111111
0.435000 3.000000 24.000000 1066.000000 97.000000 0.977982 0.030000 0.111111
0.436000 3.000000 24.000000 1066.000000 97.000000 0.977982 0.030000 0.111111
0.437000 3.000000 24.000000 1066.000000 97.000000 0.977982 0.030000 0.111111
0.438000 3.000000 24.000000 1066.000000 97.000000 0.977982 0.030000 0.111111
0.439000 3.000000 24.000000 1066.000000 97.000000 0.977982 0.030000 0.111111
0.440000 3.000000 24.000000 1066.000000 97.000000 0.977982 0.030000 0.111111
0.441000 3.000000 24.000000 1066.000000 97.000000 0.977982 0.030000 0.111111
0.442000 3.000000 24.000000 1066.000000 97.000000 0.977982 0.030000 0.111111
0.443000 3.000000 24.000000 1066.000000 97.000000 0.977982 0.030000 0.111111
0.444000 3.000000 24.000000 1066.000000 97.000000 0.977982 0.030000 0.111111
0.445000 3.000000 24.000000 1066.000000 97.000000 0.977982 0.030000 0.111111
0.446000 3.000000 23.000000 1067.000000 97.000000 0.978899 0.030000 0.115385
0.447000 3.000000 23.000000 1067.000000 97.000000 0.978899 0.030000 0.115385
0.448000 3.000000 23.000000 1067.000000 97.000000 0.978899 0.030000 0.115385
0.449000 3.000000 23.000000 1067.000000 97.000000 0.978899 0.030000 0.115385
0.450000 3.000000 23.000000 1067.000000 97.000000 0.978899 0.030000 0.115385
0.451000 3.000000 21.000000 1069.000000 97.000000 0.980734 0.030000 0.125000
0.452000 3.000000 21.000000 1069.000000 97.000000 0.980734 0.030000 0.125000
0.453000 3.000000 20.000000 1070.000000 97.000000 0.981651 0.030000 0.130435
0.454000 3.000000 20.000000 1070.000000 97.000000 0.981651 0.030000 0.130435
0.455000 3.000000 20.000000 1070.000000 97.000000 0.981651 0.030000 0.130435
0.456000 3.000000 20.000000 1070.000000 97.000000 0.981651 0.030000 0.130435
0.457000 3.000000 20.000000 1070.000000 97.000000 0.981651 0.030000 0.130435
0.458000 3.000000 20.000000 1070.000000 97.000000 0.981651 0.030000 0.130435
0.459000 3.000000 20.000000 1070.000000 97.000000 0.981651 0.030000 0.130435
0.460000 3.000000 19.000000 1071.000000 97.000000 0.982569 0.030000 0.136364
0.461000 3.000000 19.000000 1071.000000 97.000000 0.982569 0.030000 0.136364
0.462000 3.000000 19.000000 1071.000000 97.000000 0.982569 0.030000 0.136364
0.463000 3.000000 19.000000 1071.000000 97.000000 0.982569 0.030000 0.136364
0.464000 2.000000 19.000000 1071.000000 98.000000 0.982569 0.020000 0.095238
0.465000 2.000000 19.000000 1071.000000 98.000000 0.982569 0.020000 0.095238
0.466000 2.000000 19.000000 1071.000000 98.000000 0.982569 0.020000 0.095238
0.467000 2.000000 18.000000 1072.000000 98.000000 0.983486 0.020000 0.100000
0.468000 2.000000 18.000000 1072.000000 98.000000 0.983486 0.020000 0.100000
0.469000 2.000000 18.000000 1072.000000 98.000000 0.983486 0.020000 0.100000
0.470000 2.000000 18.000000 1072.000000 98.000000 0.983486 0.020000 0.100000
0.471000 2.000000 18.000000 1072.000000 98.000000 0.983486 0.020000 0.100000
0.472000 2.000000 18.000000 1072.000000 98.000000 0.983486 0.020000 0.100000
0.473000 2.000000 18.000000 1072.000000 98.000000 0.983486 0.020000 0.100000
0.474000 2.000000 17.000000 1073.000000 98.000000 0.984404 0.020000 0.105263
0.475000 2.000000 17.000000 1073.000000 98.000000 0.984404 0.020000 0.105263
0.476000 2.000000 16.000000 1074.000000 98.000000 0.985321 0.020000 0.111111
0.477000 2.000000 15.000000 1075.000000 98.000000 0.986239 0.020000 0.117647
0.478000 2.000000 14.000000 1076.000000 98.000000 0.987156 0.020000 0.125000
0.479000 2.000000 14.000000 1076.000000 98.000000 0.987156 0.020000 0.125000
0.480000 2.000000 14.000000 1076.000000 98.000000 0.987156 0.020000 0.125000
0.481000 2.000000 14.000000 1076.000000 98.000000 0.987156 0.020000 0.125000
0.482000 2.000000 14.000000 1076.000000 98.000000 0.987156 0.020000 0.125000
0.483000 2.000000 14.000000 1076.000000 98.000000 0.987156 0.020000 0.125000
0.484000 2.000000 13.000000 1077.000000 98.000000 0.988073 0.020000 0.133333
0.485000 2.000000 13.000000 1077.000000 98.000000 0.988073 0.020000 0.133333
0.486000 2.000000 13.000000 1077.000000 98.000000 0.988073 0.020000 0.133333
0.487000 2.000000 13.000000 1077.000000 98.000000 0.988073 0.020000 0.133333
0.488000 2.000000 13.000000 1077.000000 98.000000 0.988073 0.020000 0.133333
0.489000 2.000000 13.000000 1077.000000 98.000000 0.988073 0.020000 0.133333
0.490000 2.000000 13.000000 1077.000000 98.000000 0.988073 0.020000 0.133333
0.491000 2.000000 13.000000 1077.000000 98.000000 0.988073 0.020000 0.133333
0.492000 2.000000 12.000000 1078.000000 98.000000 0.988991 0.020000 0.142857
0.493000 2.000000 12.000000 1078.000000 98.000000 0.988991 0.020000 0.142857
0.494000 2.000000 11.000000 1079.000000 98.000000 0.989908 0.020000 0.153846
0.495000 2.000000 11.000000 1079.000000 98.000000 0.989908 0.020000 0.153846
0.496000 2.000000 11.000000 1079.000000 98.000000 0.989908 0.020000 0.153846
0.497000 2.000000 10.000000 1080.000000 98.000000 0.990826 0.020000 0.166667
0.498000 2.000000 10.000000 1080.000000 98.000000 0.990826 0.020000 0.166667
0.499000 2.000000 9.000000 1081.000000 98.000000 0.991743 0.020000 0.181818
0.500000 2.000000 9.000000 1081.000000 98.000000 0.991743 0.020000 0.181818
0.501000 2.000000 9.000000 1081.000000 98.000000 0.991743 0.020000 0.181818
0.502000 1.000000 9.000000 1081.000000 99.000000 0.991743 0.010000 0.100000
0.503000 1.000000 8.000000 1082.000000 99.000000 0.992661 0.010000 0.111111
0.504000 1.000000 8.000000 1082.000000 99.000000 0.992661 0.010000 0.111111
0.505000 1.000000 8.000000 1082.000000 99.000000 0.992661 0.010000 0.111111
0.506000 1.000000 7.000000 1083.000000 99.000000 0.993578 0.010000 0.125000
0.507000 1.000000 6.000000 1084.000000 99.000000 0.994495 0.010000 0.142857
0.508000 1.000000 6.000000 1084.000000 99.000000 0.994495 0.010000 0.142857
0.509000 1.000000 6.000000 1084.000000 99.000000 0.994495 0.010000 0.142857
0.510000 1.000000 6.000000 1084.000000 99.000000 0.994495 0.010000 0.142857
0.511000 1.000000 6.000000 1084.000000 99.000000 0.994495 0.010000 0.142857
0.512000 1.000000 6.000000 1084.000000 99.000000 0.994495 0.010000 0.142857
0.513000 1.000000 6.000000 1084.000000 99.000000 0.994495 0.010000 0.142857
0.514000 1.000000 6.000000 1084.000000 99.000000 0.994495 0.010000 0.142857
0.515000 1.000000 5.000000 1085.000000 99.000000 0.995413 0.010000 0.166667
0.516000 1.000000 4.000000 1086.000000 99.000000 0.996330 0.010000 0.200000
0.517000 1.000000 4.000000 1086.000000 99.000000 0.996330 0.010000 0.200000
0.518000 1.000000 4.000000 1086.000000 99.000000 0.996330 0.010000 0.200000
0.519000 1.000000 4.000000 1086.000000 99.000000 0.996330 0.010000 0.200000
0.520000 1.000000 4.000000 1086.000000 99.000000 0.996330 0.010000 0.200000
0.521000 1.000000 4.000000 1086.000000 99.000000 0.996330 0.010000 0.200000
0.522000 1.000000 4.000000 1086.000000 99.000000 0.996330 0.010000 0.200000
0.523000 1.000000 4.000000 1086.000000 99.000000 0.996330 0.010000 0.200000
0.524000 1.000000 4.000000 1086.000000 99.000000 0.996330 0.010000 0.200000
0.525000 1.000000 4.000000 1086.000000 99.000000 0.996330 0.010000 0.200000
0.526000 1.000000 4.000000 1086.000000 99.000000 0.996330 0.010000 0.200000
0.527000 1.000000 4.000000 1086.000000 99.000000 0.996330 0.010000 0.200000
0.528000 1.000000 4.000000 1086.000000 99.000000 0.996330 0.010000 0.200000
0.529000 1.000000 4.000000 1086.000000 99.000000 0.996330 0.010000 0.200000
0.530000 1.000000 4.000000 1086.000000 99.000000 0.996330 0.010000 0.200000
0.531000 1.000000 4.000000 1086.000000 99.000000 0.996330 0.010000 0.200000
0.532000 1.000000 4.000000 1086.000000 99.000000 0.996330 0.010000 0.200000
0.533000 1.000000 4.000000 1086.000000 99.000000 0.996330 0.010000 0.200000
0.534000 1.000000 4.000000 1086.000000 99.000000 0.996330 0.010000 0.200000
0.535000 1.000000 4.000000 1086.000000 99.000000 0.996330 0.010000 0.200000
0.536000 1.000000 3.000000 1087.000000 99.000000 0.997248 0.010000 0.250000
0.537000 1.000000 3.000000 1087.000000 99.000000 0.997248 0.010000 0.250000
0.538000 1.000000 3.000000 1087.000000 99.000000 0.997248 0.010000 0.250000
0.539000 1.000000 3.000000 1087.000000 99.000000 0.997248 0.010000 0.250000
0.540000 1.000000 2.000000 1088.000000 99.000000 0.998165 0.010000 0.333333
0.541000 1.000000 2.000000 1088.000000 99.000000 0.998165 0.010000 0.333333
0.542000 1.000000 2.000000 1088.000000 99.000000 0.998165 0.010000 0.333333
0.543000 1.000000 2.000000 1088.000000 99.000000 0.998165 0.010000 0.333333
0.544000 1.000000 2.000000 1088.000000 99.000000 0.998165 0.010000 0.333333
0.545000 1.000000 2.000000 1088.000000 99.000000 0.998165 0.010000 0.333333
0.546000 1.000000 2.000000 1088.000000 99.000000 0.998165 0.010000 0.333333
0.547000 1.000000 2.000000 1088.000000 99.000000 0.998165 0.010000 0.333333
0.548000 1.000000 2.000000 1088.000000 99.000000 0.998165 0.010000 0.333333
0.549000 1.000000 2.000000 1088.000000 99.000000 0.998165 0.010000 0.333333
0.550000 1.000000 2.000000 1088.000000 99.000000 0.998165 0.010000 0.333333
0.551000 1.000000 2.000000 1088.000000 99.000000 0.998165 0.010000 0.333333
0.552000 1.000000 2.000000 1088.000000 99.000000 0.998165 0.010000 0.333333
0.553000 1.000000 2.000000 1088.000000 99.000000 0.998165 0.010000 0.333333
0.554000 1.000000 2.000000 1088.000000 99.000000 0.998165 0.010000 0.333333
0.555000 1.000000 2.000000 1088.000000 99.000000 0.998165 0.010000 0.333333
0.556000 1.000000 2.000000 1088.000000 99.000000 0.998165 0.010000 0.333333
0.557000 1.000000 2.000000 1088.000000 99.000000 0.998165 0.010000 0.333333
0.558000 1.000000 2.000000 1088.000000 99.000000 0.998165 0.010000 0.333333
0.559000 1.000000 2.000000 1088.000000 99.000000 0.998165 0.010000 0.333333
0.560000 1.000000 2.000000 1088.000000 99.000000 0.998165 0.010000 0.333333
0.561000 1.000000 2.000000 1088.000000 99.000000 0.998165 0.010000 0.333333
0.562000 1.000000 2.000000 1088.000000 99.000000 0.998165 0.010000 0.333333
0.563000 1.000000 1.000000 1089.000000 99.000000 0.999083 0.010000 0.500000
0.564000 1.000000 1.000000 1089.000000 99.000000 0.999083 0.010000 0.500000
0.565000 1.000000 1.000000 1089.000000 99.000000 0.999083 0.010000 0.500000
0.566000 1.000000 1.000000 1089.000000 99.000000 0.999083 0.010000 0.500000
0.567000 1.000000 1.000000 1089.000000 99.000000 0.999083 0.010000 0.500000
0.568000 1.000000 1.000000 1089.000000 99.000000 0.999083 0.010000 0.500000
0.569000 1.000000 1.000000 1089.000000 99.000000 0.999083 0.010000 0.500000
0.570000 1.000000 1.000000 1089.000000 99.000000 0.999083 0.010000 0.500000
0.571000 1.000000 1.000000 1089.000000 99.000000 0.999083 0.010000 0.500000
0.572000 1.000000 1.000000 1089.000000 99.000000 0.999083 0.010000 0.500000
0.573000 1.000000 1.000000 1089.000000 99.000000 0.999083 0.010000 0.500000
0.574000 1.000000 1.000000 1089.000000 99.000000 0.999083 0.010000 0.500000
0.575000 1.000000 1.000000 1089.000000 99.000000 0.999083 0.010000 0.500000
0.576000 1.000000 1.000000 1089.000000 99.000000 0.999083 0.010000 0.500000
0.577000 1.000000 1.000000 1089.000000 99.000000 0.999083 0.010000 0.500000
0.578000 1.000000 0.000000 1090.000000 99.000000 1.000000 0.010000 1.000000
0.579000 1.000000 0.000000 1090.000000 99.000000 1.000000 0.010000 1.000000
0.580000 1.000000 0.000000 1090.000000 99.000000 1.000000 0.010000 1.000000
0.581000 1.000000 0.000000 1090.000000 99.000000 1.000000 0.010000 1.000000
0.582000 1.000000 0.000000 1090.000000 99.000000 1.000000 0.010000 1.000000
0.583000 1.000000 0.000000 1090.000000 99.000000 1.000000 0.010000 1.000000
0.584000 1.000000 0.000000 1090.000000 99.000000 1.000000 0.010000 1.000000
0.585000 1.000000 0.000000 1090.000000 99.000000 1.000000 0.010000 1.000000
0.586000 1.000000 0.000000 1090.000000 99.000000 1.000000 0.010000 1.000000
0.587000 1.000000 0.000000 1090.000000 99.000000 1.000000 0.010000 1.000000
0.588000 1.000000 0.000000 1090.000000 99.000000 1.000000 0.010000 1.000000
0.589000 1.000000 0.000000 1090.000000 99.000000 1.000000 0.010000 1.000000
0.590000 1.000000 0.000000 1090.000000 99.000000 1.000000 0.010000 1.000000
0.591000 1.000000 0.000000 1090.000000 99.000000 1.000000 0.010000 1.000000
0.592000 1.000000 0.000000 1090.000000 99.000000 1.000000 0.010000 1.000000
0.593000 1.000000 0.000000 1090.000000 99.000000 1.000000 0.010000 1.000000
0.594000 1.000000 0.000000 1090.000000 99.000000 1.000000 0.010000 1.000000
0.595000 1.000000 0.000000 1090.000000 99.000000 1.000000 0.010000 1.000000
0.596000 1.000000 0.000000 1090.000000 99.000000 1.000000 0.010000 1.000000
0.597000 1.000000 0.000000 1090.000000 99.000000 1.000000 0.010000 1.000000
0.598000 1.000000 0.000000 1090.000000 99.000000 1.000000 0.010000 1.000000
0.599000 1.000000 0.000000 1090.000000 99.000000 1.000000 0.010000 1.000000
0.600000 1.000000 0.000000 1090.000000 99.000000 1.000000 0.010000 1.000000
0.601000 1.000000 0.000000 1090.000000 99.000000 1.000000 0.010000 1.000000
0.602000 1.000000 0.000000 1090.000000 99.000000 1.000000 0.010000 1.000000
0.603000 1.000000 0.000000 1090.000000 99.000000 1.000000 0.010000 1.000000
0.604000 1.000000 0.000000 1090.000000 99.000000 1.000000 0.010000 1.000000
0.605000 1.000000 0.000000 1090.000000 99.000000 1.000000 0.010000 1.000000
0.606000 1.000000 0.000000 1090.000000 99.000000 1.000000 0.010000 1.000000
0.607000 1.000000 0.000000 1090.000000 99.000000 1.000000 0.010000 1.000000
0.608000 1.000000 0.000000 1090.000000 99.000000 1.000000 0.010000 1.000000
0.609000 1.000000 0.000000 1090.000000 99.000000 1.000000 0.010000 1.000000
0.610000 1.000000 0.000000 1090.000000 99.000000 1.000000 0.010000 1.000000
0.611000 1.000000 0.000000 1090.000000 99.000000 1.000000 0.010000 1.000000
0.612000 1.000000 0.000000 1090.000000 99.000000 1.000000 0.010000 1.000000
0.613000 1.000000 0.000000 1090.000000 99.000000 1.000000 0.010000 1.000000
0.614000 1.000000 0.000000 1090.000000 99.000000 1.000000 0.010000 1.000000
0.615000 1.000000 0.000000 1090.000000 99.000000 1.000000 0.010000 1.000000
0.616000 1.000000 0.000000 1090.000000 99.000000 1.000000 0.010000 1.000000
0.617000 1.000000 0.000000 1090.000000 99.000000 1.000000 0.010000 1.000000
0.618000 1.000000 0.000000 1090.000000 99.000000 1.000000 0.010000 1.000000
0.619000 1.000000 0.000000 1090.000000 99.000000 1.000000 0.010000 1.000000
0.620000 1.000000 0.000000 1090.000000 99.000000 1.000000 0.010000 1.000000
0.621000 1.000000 0.000000 1090.000000 99.000000 1.000000 0.010000 1.000000
0.622000 1.000000 0.000000 1090.000000 99.000000 1.000000 0.010000 1.000000
0.623000 1.000000 0.000000 1090.000000 99.000000 1.000000 0.010000 1.000000
0.624000 1.000000 0.000000 1090.000000 99.000000 1.000000 0.010000 1.000000
0.625000 1.000000 0.000000 1090.000000 99.000000 1.000000 0.010000 1.000000
0.626000 1.000000 0.000000 1090.000000 99.000000 1.000000 0.010000 1.000000
0.627000 1.000000 0.000000 1090.000000 99.000000 1.000000 0.010000 1.000000
0.628000 1.000000 0.000000 1090.000000 99.000000 1.000000 0.010000 1.000000
0.629000 1.000000 0.000000 1090.000000 99.000000 1.000000 0.010000 1.000000
0.630000 1.000000 0.000000 1090.000000 99.000000 1.000000 0.010000 1.000000
0.631000 1.000000 0.000000 1090.000000 99.000000 1.000000 0.010000 1.000000
0.632000 1.000000 0.000000 1090.000000 99.000000 1.000000 0.010000 1.000000
0.633000 1.000000 0.000000 1090.000000 99.000000 1.000000 0.010000 1.000000
0.634000 1.000000 0.000000 1090.000000 99.000000 1.000000 0.010000 1.000000
0.635000 1.000000 0.000000 1090.000000 99.000000 1.000000 0.010000 1.000000
0.636000 1.000000 0.000000 1090.000000 99.000000 1.000000 0.010000 1.000000
0.637000 1.000000 0.000000 1090.000000 99.000000 1.000000 0.010000 1.000000
0.638000 1.000000 0.000000 1090.000000 99.000000 1.000000 0.010000 1.000000
0.639000 1.000000 0.000000 1090.000000 99.000000 1.000000 0.010000 1.000000
0.640000 1.000000 0.000000 1090.000000 99.000000 1.000000 0.010000 1.000000
0.641000 1.000000 0.000000 1090.000000 99.000000 1.000000 0.010000 1.000000
0.642000 1.000000 0.000000 1090.000000 99.000000 1.000000 0.010000 1.000000
0.643000 1.000000 0.000000 1090.000000 99.000000 1.000000 0.010000 1.000000
0.644000 1.000000 0.000000 1090.000000 99.000000 1.000000 0.010000 1.000000
0.645000 1.000000 0.000000 1090.000000 99.000000 1.000000 0.010000 1.000000
0.646000 1.000000 0.000000 1090.000000 99.000000 1.000000 0.010000 1.000000
0.647000 1.000000 0.000000 1090.000000 99.000000 1.000000 0.010000 1.000000
0.648000 1.000000 0.000000 1090.000000 99.000000 1.000000 0.010000 1.000000
0.649000 1.000000 0.000000 1090.000000 99.000000 1.000000 0.010000 1.000000
0.650000 1.000000 0.000000 1090.000000 99.000000 1.000000 0.010000 1.000000
0.651000 1.000000 0.000000 1090.000000 99.000000 1.000000 0.010000 1.000000
0.652000 1.000000 0.000000 1090.000000 99.000000 1.000000 0.010000 1.000000
0.653000 1.000000 0.000000 1090.000000 99.000000 1.000000 0.010000 1.000000
0.654000 1.000000 0.000000 1090.000000 99.000000 1.000000 0.010000 1.000000
0.655000 1.000000 0.000000 1090.000000 99.000000 1.000000 0.010000 1.000000
0.656000 1.000000 0.000000 1090.000000 99.000000 1.000000 0.010000 1.000000
0.657000 1.000000 0.000000 1090.000000 99.000000 1.000000 0.010000 1.000000
0.658000 1.000000 0.000000 1090.000000 99.000000 1.000000 0.010000 1.000000
0.659000 1.000000 0.000000 1090.000000 99.000000 1.000000 0.010000 1.000000
0.660000 1.000000 0.000000 1090.000000 99.000000 1.000000 0.010000 1.000000
0.661000 1.000000 0.000000 1090.000000 99.000000 1.000000 0.010000 1.000000
0.662000 1.000000 0.000000 1090.000000 99.000000 1.000000 0.010000 1.000000
0.663000 1.000000 0.000000 1090.000000 99.000000 1.000000 0.010000 1.000000
0.664000 1.000000 0.000000 1090.000000 99.000000 1.000000 0.010000 1.000000
0.665000 1.000000 0.000000 1090.000000 99.000000 1.000000 0.010000 1.000000
0.666000 1.000000 0.000000 1090.000000 99.000000 1.000000 0.010000 1.000000
0.667000 1.000000 0.000000 1090.000000 99.000000 1.000000 0.010000 1.000000
0.668000 1.000000 0.000000 1090.000000 99.000000 1.000000 0.010000 1.000000
0.669000 1.000000 0.000000 1090.000000 99.000000 1.000000 0.010000 1.000000
0.670000 1.000000 0.000000 1090.000000 99.000000 1.000000 0.010000 1.000000
0.671000 1.000000 0.000000 1090.000000 99.000000 1.000000 0.010000 1.000000
0.672000 1.000000 0.000000 1090.000000 99.000000 1.000000 0.010000 1.000000
0.673000 1.000000 0.000000 1090.000000 99.000000 1.000000 0.010000 1.000000
0.674000 1.000000 0.000000 1090.000000 99.000000 1.000000 0.010000 1.000000
0.675000 1.000000 0.000000 1090.000000 99.000000 1.000000 0.010000 1.000000
0.676000 1.000000 0.000000 1090.000000 99.000000 1.000000 0.010000 1.000000
0.677000 1.000000 0.000000 1090.000000 99.000000 1.000000 0.010000 1.000000
0.678000 1.000000 0.000000 1090.000000 99.000000 1.000000 0.010000 1.000000
0.679000 1.000000 0.000000 1090.000000 99.000000 1.000000 0.010000 1.000000
0.680000 1.000000 0.000000 1090.000000 99.000000 1.000000 0.010000 1.000000
0.681000 1.000000 0.000000 1090.000000 99.000000 1.000000 0.010000 1.000000
0.682000 0.000000 0.000000 1090.000000 100.000000 1.000000 0.000000 0.000000
0.683000 0.000000 0.000000 1090.000000 100.000000 1.000000 0.000000 0.000000
0.684000 0.000000 0.000000 1090.000000 100.000000 1.000000 0.000000 0.000000
0.685000 0.000000 0.000000 1090.000000 100.000000 1.000000 0.000000 0.000000
0.686000 0.000000 0.000000 1090.000000 100.000000 1.000000 0.000000 0.000000
0.687000 0.000000 0.000000 1090.000000 100.000000 1.000000 0.000000 0.000000
0.688000 0.000000 0.000000 1090.000000 100.000000 1.000000 0.000000 0.000000
0.689000 0.000000 0.000000 1090.000000 100.000000 1.000000 0.000000 0.000000
0.690000 0.000000 0.000000 1090.000000 100.000000 1.000000 0.000000 0.000000
0.691000 0.000000 0.000000 1090.000000 100.000000 1.000000 0.000000 0.000000
0.692000 0.000000 0.000000 1090.000000 100.000000 1.000000 0.000000 0.000000
0.693000 0.000000 0.000000 1090.000000 100.000000 1.000000 0.000000 0.000000
0.694000 0.000000 0.000000 1090.000000 100.000000 1.000000 0.000000 0.000000
0.695000 0.000000 0.000000 1090.000000 100.000000 1.000000 0.000000 0.000000
0.696000 0.000000 0.000000 1090.000000 100.000000 1.000000 0.000000 0.000000
0.697000 0.000000 0.000000 1090.000000 100.000000 1.000000 0.000000 0.000000
0.698000 0.000000 0.000000 1090.000000 100.000000 1.000000 0.000000 0.000000
0.699000 0.000000 0.000000 1090.000000 100.000000 1.000000 0.000000 0.000000
0.700000 0.000000 0.000000 1090.000000 100.000000 1.000000 0.000000 0.000000
0.701000 0.000000 0.000000 1090.000000 100.000000 1.000000 0.000000 0.000000
0.702000 0.000000 0.000000 1090.000000 100.000000 1.000000 0.000000 0.000000
0.703000 0.000000 0.000000 1090.000000 100.000000 1.000000 0.000000 0.000000
0.704000 0.000000 0.000000 1090.000000 100.000000 1.000000 0.000000 0.000000
0.705000 0.000000 0.000000 1090.000000 100.000000 1.000000 0.000000 0.000000
0.706000 0.000000 0.000000 1090.000000 100.000000 1.000000 0.000000 0.000000
0.707000 0.000000 0.000000 1090.000000 100.000000 1.000000 0.000000 0.000000
0.708000 0.000000 0.000000 1090.000000 100.000000 1.000000 0.000000 0.000000
0.709000 0.000000 0.000000 1090.000000 100.000000 1.000000 0.000000 0.000000
0.710000 0.000000 0.000000 1090.000000 100.000000 1.000000 0.000000 0.000000
0.711000 0.000000 0.000000 1090.000000 100.000000 1.000000 0.000000 0.000000
0.712000 0.000000 0.000000 1090.000000 100.000000 1.000000 0.000000 0.000000
0.713000 0.000000 0.000000 1090.000000 100.000000 1.000000 0.000000 0.000000
0.714000 0.000000 0.000000 1090.000000 100.000000 1.000000 0.000000 0.000000
0.715000 0.000000 0.000000 1090.000000 100.000000 1.000000 0.000000 0.000000
0.716000 0.000000 0.000000 1090.000000 100.000000 1.000000 0.000000 0.000000
0.717000 0.000000 0.000000 1090.000000 100.000000 1.000000 0.000000 0.000000
0.718000 0.000000 0.000000 1090.000000 100.000000 1.000000 0.000000 0.000000
0.719000 0.000000 0.000000 1090.000000 100.000000 1.000000 0.000000 0.000000
0.720000 0.000000 0.000000 1090.000000 100.000000 1.000000 0.000000 0.000000
0.721000 0.000000 0.000000 1090.000000 100.000000 1.000000 0.000000 0.000000
0.722000 0.000000 0.000000 1090.000000 100.000000 1.000000 0.000000 0.000000
0.723000 0.000000 0.000000 1090.000000 100.000000 1.000000 0.000000 0.000000
0.724000 0.000000 0.000000 1090.000000 100.000000 1.000000 0.000000 0.000000
0.725000 0.000000 0.000000 1090.000000 100.000000 1.000000 0.000000 0.000000
0.726000 0.000000 0.000000 1090.000000 100.000000 1.000000 0.000000 0.000000
0.727000 0.000000 0.000000 1090.000000 100.000000 1.000000 0.000000 0.000000
0.728000 0.000000 0.000000 1090.000000 100.000000 1.000000 0.000000 0.000000
0.729000 0.000000 0.000000 1090.000000 100.000000 1.000000 0.000000 0.000000
0.730000 0.000000 0.000000 1090.000000 100.000000 1.000000 0.000000 0.000000
0.731000 0.000000 0.000000 1090.000000 100.000000 1.000000 0.000000 0.000000
0.732000 0.000000 0.000000 1090.000000 100.000000 1.000000 0.000000 0.000000
0.733000 0.000000 0.000000 1090.000000 100.000000 1.000000 0.000000 0.000000
0.734000 0.000000 0.000000 1090.000000 100.000000 1.000000 0.000000 0.000000
0.735000 0.000000 0.000000 1090.000000 100.000000 1.000000 0.000000 0.000000
0.736000 0.000000 0.000000 1090.000000 100.000000 1.000000 0.000000 0.000000
0.737000 0.000000 0.000000 1090.000000 100.000000 1.000000 0.000000 0.000000
0.738000 0.000000 0.000000 1090.000000 100.000000 1.000000 0.000000 0.000000
0.739000 0.000000 0.000000 1090.000000 100.000000 1.000000 0.000000 0.000000
0.740000 0.000000 0.000000 1090.000000 100.000000 1.000000 0.000000 0.000000
0.741000 0.000000 0.000000 1090.000000 100.000000 1.000000 0.000000 0.000000
0.742000 0.000000 0.000000 1090.000000 100.000000 1.000000 0.000000 0.000000
0.743000 0.000000 0.000000 1090.000000 100.000000 1.000000 0.000000 0.000000
0.744000 0.000000 0.000000 1090.000000 100.000000 1.000000 0.000000 0.000000
0.745000 0.000000 0.000000 1090.000000 100.000000 1.000000 0.000000 0.000000
0.746000 0.000000 0.000000 1090.000000 100.000000 1.000000 0.000000 0.000000
0.747000 0.000000 0.000000 1090.000000 100.000000 1.000000 0.000000 0.000000
0.748000 0.000000 0.000000 1090.000000 100.000000 1.000000 0.000000 0.000000
0.749000 0.000000 0.000000 1090.000000 100.000000 1.000000 0.000000 0.000000
0.750000 0.000000 0.000000 1090.000000 100.000000 1.000000 0.000000 0.000000
0.751000 0.000000 0.000000 1090.000000 100.000000 1.000000 0.000000 0.000000
0.752000 0.000000 0.000000 1090.000000 100.000000 1.000000 0.000000 0.000000
0.753000 0.000000 0.000000 1090.000000 100.000000 1.000000 0.000000 0.000000
0.754000 0.000000 0.000000 1090.000000 100.000000 1.000000 0.000000 0.000000
0.755000 0.000000 0.000000 1090.000000 100.000000 1.000000 0.000000 0.000000
0.756000 0.000000 0.000000 1090.000000 100.000000 1.000000 0.000000 0.000000
0.757000 0.000000 0.000000 1090.000000 100.000000 1.000000 0.000000 0.000000
0.758000 0.000000 0.000000 1090.000000 100.000000 1.000000 0.000000 0.000000
0.759000 0.000000 0.000000 1090.000000 100.000000 1.000000 0.000000 0.000000
0.760000 0.000000 0.000000 1090.000000 100.000000 1.000000 0.000000 0.000000
0.761000 0.000000 0.000000 1090.000000 100.000000 1.000000 0.000000 0.000000
0.762000 0.000000 0.000000 1090.000000 100.000000 1.000000 0.000000 0.000000
0.763000 0.000000 0.000000 1090.000000 100.000000 1.000000 0.000000 0.000000
0.764000 0.000000 0.000000 1090.000000 100.000000 1.000000 0.000000 0.000000
0.765000 0.000000 0.000000 1090.000000 100.000000 1.000000 0.000000 0.000000
0.766000 0.000000 0.000000 1090.000000 100.000000 1.000000 0.000000 0.000000
0.767000 0.000000 0.000000 1090.000000 100.000000 1.000000 0.000000 0.000000
0.768000 0.000000 0.000000 1090.000000 100.000000 1.000000 0.000000 0.000000
0.769000 0.000000 0.000000 1090.000000 100.000000 1.000000 0.000000 0.000000
0.770000 0.000000 0.000000 1090.000000 100.000000 1.000000 0.000000 0.000000
0.771000 0.000000 0.000000 1090.000000 100.000000 1.000000 0.000000 0.000000
0.772000 0.000000 0.000000 1090.000000 100.000000 1.000000 0.000000 0.000000
0.773000 0.000000 0.000000 1090.000000 100.000000 1.000000 0.000000 0.000000
0.774000 0.000000 0.000000 1090.000000 100.000000 1.000000 0.000000 0.000000
0.775000 0.000000 0.000000 1090.000000 100.000000 1.000000 0.000000 0.000000
0.776000 0.000000 0.000000 1090.000000 100.000000 1.000000 0.000000 0.000000
0.777000 0.000000 0.000000 1090.000000 100.000000 1.000000 0.000000 0.000000
0.778000 0.000000 0.000000 1090.000000 100.000000 1.000000 0.000000 0.000000
0.779000 0.000000 0.000000 1090.000000 100.000000 1.000000 0.000000 0.000000
0.780000 0.000000 0.000000 1090.000000 100.000000 1.000000 0.000000 0.000000
0.781000 0.000000 0.000000 1090.000000 100.000000 1.000000 0.000000 0.000000
0.782000 0.000000 0.000000 1090.000000 100.000000 1.000000 0.000000 0.000000
0.783000 0.000000 0.000000 1090.000000 100.000000 1.000000 0.000000 0.000000
0.784000 0.000000 0.000000 1090.000000 100.000000 1.000000 0.000000 0.000000
0.785000 0.000000 0.000000 1090.000000 100.000000 1.000000 0.000000 0.000000
0.786000 0.000000 0.000000 1090.000000 100.000000 1.000000 0.000000 0.000000
0.787000 0.000000 0.000000 1090.000000 100.000000 1.000000 0.000000 0.000000
0.788000 0.000000 0.000000 1090.000000 100.000000 1.000000 0.000000 0.000000
0.789000 0.000000 0.000000 1090.000000 100.000000 1.000000 0.000000 0.000000
0.790000 0.000000 0.000000 1090.000000 100.000000 1.000000 0.000000 0.000000
0.791000 0.000000 0.000000 1090.000000 100.000000 1.000000 0.000000 0.000000
0.792000 0.000000 0.000000 1090.000000 100.000000 1.000000 0.000000 0.000000
0.793000 0.000000 0.000000 1090.000000 100.000000 1.000000 0.000000 0.000000
0.794000 0.000000 0.000000 1090.000000 100.000000 1.000000 0.000000 0.000000
0.795000 0.000000 0.000000 1090.000000 100.000000 1.000000 0.000000 0.000000
0.796000 0.000000 0.000000 1090.000000 100.000000 1.000000 0.000000 0.000000
0.797000 0.000000 0.000000 1090.000000 100.000000 1.000000 0.000000 0.000000
0.798000 0.000000 0.000000 1090.000000 100.000000 1.000000 0.000000 0.000000
0.799000 0.000000 0.000000 1090.000000 100.000000 1.000000 0.000000 0.000000
0.800000 0.000000 0.000000 1090.000000 100.000000 1.000000 0.000000 0.000000
0.801000 0.000000 0.000000 1090.000000 100.000000 1.000000 0.000000 0.000000
0.802000 0.000000 0.000000 1090.000000 100.000000 1.000000 0.000000 0.000000
0.803000 0.000000 0.000000 1090.000000 100.000000 1.000000 0.000000 0.000000
0.804000 0.000000 0.000000 1090.000000 100.000000 1.000000 0.000000 0.000000
0.805000 0.000000 0.000000 1090.000000 100.000000 1.000000 0.000000 0.000000
0.806000 0.000000 0.000000 1090.000000 100.000000 1.000000 0.000000 0.000000
0.807000 0.000000 0.000000 1090.000000 100.000000 1.000000 0.000000 0.000000
0.808000 0.000000 0.000000 1090.000000 100.000000 1.000000 0.000000 0.000000
0.809000 0.000000 0.000000 1090.000000 100.000000 1.000000 0.000000 0.000000
0.810000 0.000000 0.000000 1090.000000 100.000000 1.000000 0.000000 0.000000
0.811000 0.000000 0.000000 1090.000000 100.000000 1.000000 0.000000 0.000000
0.812000 0.000000 0.000000 1090.000000 100.000000 1.000000 0.000000 0.000000
0.813000 0.000000 0.000000 1090.000000 100.000000 1.000000 0.000000 0.000000
0.814000 0.000000 0.000000 1090.000000 100.000000 1.000000 0.000000 0.000000
0.815000 0.000000 0.000000 1090.000000 100.000000 1.000000 0.000000 0.000000
0.816000 0.000000 0.000000 1090.000000 100.000000 1.000000 0.000000 0.000000
0.817000 0.000000 0.000000 1090.000000 100.000000 1.000000 0.000000 0.000000
0.818000 0.000000 0.000000 1090.000000 100.000000 1.000000 0.000000 0.000000
0.819000 0.000000 0.000000 1090.000000 100.000000 1.000000 0.000000 0.000000
0.820000 0.000000 0.000000 1090.000000 100.000000 1.000000 0.000000 0.000000
0.821000 0.000000 0.000000 1090.000000 100.000000 1.000000 0.000000 0.000000
0.822000 0.000000 0.000000 1090.000000 100.000000 1.000000 0.000000 0.000000
0.823000 0.000000 0.000000 1090.000000 100.000000 1.000000 0.000000 0.000000
0.824000 0.000000 0.000000 1090.000000 100.000000 1.000000 0.000000 0.000000
0.825000 0.000000 0.000000 1090.000000 100.000000 1.000000 0.000000 0.000000
0.826000 0.000000 0.000000 1090.000000 100.000000 1.000000 0.000000 0.000000
0.827000 0.000000 0.000000 1090.000000 100.000000 1.000000 0.000000 0.000000
0.828000 0.000000 0.000000 1090.000000 100.000000 1.000000 0.000000 0.000000
0.829000 0.000000 0.000000 1090.000000 100.000000 1.000000 0.000000 0.000000
0.830000 0.000000 0.000000 1090.000000 100.000000 1.000000 0.000000 0.000000
0.831000 0.000000 0.000000 1090.000000 100.000000 1.000000 0.000000 0.000000
0.832000 0.000000 0.000000 1090.000000 100.000000 1.000000 0.000000 0.000000
0.833000 0.000000 0.000000 1090.000000 100.000000 1.000000 0.000000 0.000000
0.834000 0.000000 0.000000 1090.000000 100.000000 1.000000 0.000000 0.000000
0.835000 0.000000 0.000000 1090.000000 100.000000 1.000000 0.000000 0.000000
0.836000 0.000000 0.000000 1090.000000 100.000000 1.000000 0.000000 0.000000
0.837000 0.000000 0.000000 1090.000000 100.000000 1.000000 0.000000 0.000000
0.838000 0.000000 0.000000 1090.000000 100.000000 1.000000 0.000000 0.000000
0.839000 0.000000 0.000000 1090.000000 100.000000 1.000000 0.000000 0.000000
0.840000 0.000000 0.000000 1090.000000 100.000000 1.000000 0.000000 0.000000
0.841000 0.000000 0.000000 1090.000000 100.000000 1.000000 0.000000 0.000000
0.842000 0.000000 0.000000 1090.000000 100.000000 1.000000 0.000000 0.000000
0.843000 0.000000 0.000000 1090.000000 100.000000 1.000000 0.000000 0.000000
0.844000 0.000000 0.000000 1090.000000 100.000000 1.000000 0.000000 0.000000
0.845000 0.000000 0.000000 1090.000000 100.000000 1.000000 0.000000 0.000000
0.846000 0.000000 0.000000 1090.000000 100.000000 1.000000 0.000000 0.000000
0.847000 0.000000 0.000000 1090.000000 100.000000 1.000000 0.000000 0.000000
0.848000 0.000000 0.000000 1090.000000 100.000000 1.000000 0.000000 0.000000
0.849000 0.000000 0.000000 1090.000000 100.000000 1.000000 0.000000 0.000000
0.850000 0.000000 0.000000 1090.000000 100.000000 1.000000 0.000000 0.000000
0.851000 0.000000 0.000000 1090.000000 100.000000 1.000000 0.000000 0.000000
0.852000 0.000000 0.000000 1090.000000 100.000000 1.000000 0.000000 0.000000
0.853000 0.000000 0.000000 1090.000000 100.000000 1.000000 0.000000 0.000000
0.854000 0.000000 0.000000 1090.000000 100.000000 1.000000 0.000000 0.000000
0.855000 0.000000 0.000000 1090.000000 100.000000 1.000000 0.000000 0.000000
0.856000 0.000000 0.000000 1090.000000 100.000000 1.000000 0.000000 0.000000
0.857000 0.000000 0.000000 1090.000000 100.000000 1.000000 0.000000 0.000000
0.858000 0.000000 0.000000 1090.000000 100.000000 1.000000 0.000000 0.000000
0.859000 0.000000 0.000000 1090.000000 100.000000 1.000000 0.000000 0.000000
0.860000 0.000000 0.000000 1090.000000 100.000000 1.000000 0.000000 0.000000
0.861000 0.000000 0.000000 1090.000000 100.000000 1.000000 0.000000 0.000000
0.862000 0.000000 0.000000 1090.000000 100.000000 1.000000 0.000000 0.000000
0.863000 0.000000 0.000000 1090.000000 100.000000 1.000000 0.000000 0.000000
0.864000 0.000000 0.000000 1090.000000 100.000000 1.000000 0.000000 0.000000
0.865000 0.000000 0.000000 1090.000000 100.000000 1.000000 0.000000 0.000000
0.866000 0.000000 0.000000 1090.000000 100.000000 1.000000 0.000000 0.000000
0.867000 0.000000 0.000000 1090.000000 100.000000 1.000000 0.000000 0.000000
0.868000 0.000000 0.000000 1090.000000 100.000000 1.000000 0.000000 0.000000
0.869000 0.000000 0.000000 1090.000000 100.000000 1.000000 0.000000 0.000000
0.870000 0.000000 0.000000 1090.000000 100.000000 1.000000 0.000000 0.000000
0.871000 0.000000 0.000000 1090.000000 100.000000 1.000000 0.000000 0.000000
0.872000 0.000000 0.000000 1090.000000 100.000000 1.000000 0.000000 0.000000
0.873000 0.000000 0.000000 1090.000000 100.000000 1.000000 0.000000 0.000000
0.874000 0.000000 0.000000 1090.000000 100.000000 1.000000 0.000000 0.000000
0.875000 0.000000 0.000000 1090.000000 100.000000 1.000000 0.000000 0.000000
0.876000 0.000000 0.000000 1090.000000 100.000000 1.000000 0.000000 0.000000
0.877000 0.000000 0.000000 1090.000000 100.000000 1.000000 0.000000 0.000000
0.878000 0.000000 0.000000 1090.000000 100.000000 1.000000 0.000000 0.000000
0.879000 0.000000 0.000000 1090.000000 100.000000 1.000000 0.000000 0.000000
0.880000 0.000000 0.000000 1090.000000 100.000000 1.000000 0.000000 0.000000
0.881000 0.000000 0.000000 1090.000000 100.000000 1.000000 0.000000 0.000000
0.882000 0.000000 0.000000 1090.000000 100.000000 1.000000 0.000000 0.000000
0.883000 0.000000 0.000000 1090.000000 100.000000 1.000000 0.000000 0.000000
0.884000 0.000000 0.000000 1090.000000 100.000000 1.000000 0.000000 0.000000
0.885000 0.000000 0.000000 1090.000000 100.000000 1.000000 0.000000 0.000000
0.886000 0.000000 0.000000 1090.000000 100.000000 1.000000 0.000000 0.000000
0.887000 0.000000 0.000000 1090.000000 100.000000 1.000000 0.000000 0.000000
0.888000 0.000000 0.000000 1090.000000 100.000000 1.000000 0.000000 0.000000
0.889000 0.000000 0.000000 1090.000000 100.000000 1.000000 0.000000 0.000000
0.890000 0.000000 0.000000 1090.000000 100.000000 1.000000 0.000000 0.000000
0.891000 0.000000 0.000000 1090.000000 100.000000 1.000000 0.000000 0.000000
0.892000 0.000000 0.000000 1090.000000 100.000000 1.000000 0.000000 0.000000
0.893000 0.000000 0.000000 1090.000000 100.000000 1.000000 0.000000 0.000000
0.894000 0.000000 0.000000 1090.000000 100.000000 1.000000 0.000000 0.000000
0.895000 0.000000 0.000000 1090.000000 100.000000 1.000000 0.000000 0.000000
0.896000 0.000000 0.000000 1090.000000 100.000000 1.000000 0.000000 0.000000
0.897000 0.000000 0.000000 1090.000000 100.000000 1.000000 0.000000 0.000000
0.898000 0.000000 0.000000 1090.000000 100.000000 1.000000 0.000000 0.000000
0.899000 0.000000 0.000000 1090.000000 100.000000 1.000000 0.000000 0.000000
0.900000 0.000000 0.000000 1090.000000 100.000000 1.000000 0.000000 0.000000
0.901000 0.000000 0.000000 1090.000000 100.000000 1.000000 0.000000 0.000000
0.902000 0.000000 0.000000 1090.000000 100.000000 1.000000 0.000000 0.000000
0.903000 0.000000 0.000000 1090.000000 100.000000 1.000000 0.000000 0.000000
0.904000 0.000000 0.000000 1090.000000 100.000000 1.000000 0.000000 0.000000
0.905000 0.000000 0.000000 1090.000000 100.000000 1.000000 0.000000 0.000000
0.906000 0.000000 0.000000 1090.000000 100.000000 1.000000 0.000000 0.000000
0.907000 0.000000 0.000000 1090.000000 100.000000 1.000000 0.000000 0.000000
0.908000 0.000000 0.000000 1090.000000 100.000000 1.000000 0.000000 0.000000
0.909000 0.000000 0.000000 1090.000000 100.000000 1.000000 0.000000 0.000000
0.910000 0.000000 0.000000 1090.000000 100.000000 1.000000 0.000000 0.000000
0.911000 0.000000 0.000000 1090.000000 100.000000 1.000000 0.000000 0.000000
0.912000 0.000000 0.000000 1090.000000 100.000000 1.000000 0.000000 0.000000
0.913000 0.000000 0.000000 1090.000000 100.000000 1.000000 0.000000 0.000000
0.914000 0.000000 0.000000 1090.000000 100.000000 1.000000 0.000000 0.000000
0.915000 0.000000 0.000000 1090.000000 100.000000 1.000000 0.000000 0.000000
0.916000 0.000000 0.000000 1090.000000 100.000000 1.000000 0.000000 0.000000
0.917000 0.000000 0.000000 1090.000000 100.000000 1.000000 0.000000 0.000000
0.918000 0.000000 0.000000 1090.000000 100.000000 1.000000 0.000000 0.000000
0.919000 0.000000 0.000000 1090.000000 100.000000 1.000000 0.000000 0.000000
0.920000 0.000000 0.000000 1090.000000 100.000000 1.000000 0.000000 0.000000
0.921000 0.000000 0.000000 1090.000000 100.000000 1.000000 0.000000 0.000000
0.922000 0.000000 0.000000 1090.000000 100.000000 1.000000 0.000000 0.000000
0.923000 0.000000 0.000000 1090.000000 100.000000 1.000000 0.000000 0.000000
0.924000 0.000000 0.000000 1090.000000 100.000000 1.000000 0.000000 0.000000
0.925000 0.000000 0.000000 1090.000000 100.000000 1.000000 0.000000 0.000000
0.926000 0.000000 0.000000 1090.000000 100.000000 1.000000 0.000000 0.000000
0.927000 0.000000 0.000000 1090.000000 100.000000 1.000000 0.000000 0.000000
0.928000 0.000000 0.000000 1090.000000 100.000000 1.000000 0.000000 0.000000
0.929000 0.000000 0.000000 1090.000000 100.000000 1.000000 0.000000 0.000000
0.930000 0.000000 0.000000 1090.000000 100.000000 1.000000 0.000000 0.000000
0.931000 0.000000 0.000000 1090.000000 100.000000 1.000000 0.000000 0.000000
0.932000 0.000000 0.000000 1090.000000 100.000000 1.000000 0.000000 0.000000
0.933000 0.000000 0.000000 1090.000000 100.000000 1.000000 0.000000 0.000000
0.934000 0.000000 0.000000 1090.000000 100.000000 1.000000 0.000000 0.000000
0.935000 0.000000 0.000000 1090.000000 100.000000 1.000000 0.000000 0.000000
0.936000 0.000000 0.000000 1090.000000 100.000000 1.000000 0.000000 0.000000
0.937000 0.000000 0.000000 1090.000000 100.000000 1.000000 0.000000 0.000000
0.938000 0.000000 0.000000 1090.000000 100.000000 1.000000 0.000000 0.000000
0.939000 0.000000 0.000000 1090.000000 100.000000 1.000000 0.000000 0.000000
0.940000 0.000000 0.000000 1090.000000 100.000000 1.000000 0.000000 0.000000
0.941000 0.000000 0.000000 1090.000000 100.000000 1.000000 0.000000 0.000000
0.942000 0.000000 0.000000 1090.000000 100.000000 1.000000 0.000000 0.000000
0.943000 0.000000 0.000000 1090.000000 100.000000 1.000000 0.000000 0.000000
0.944000 0.000000 0.000000 1090.000000 100.000000 1.000000 0.000000 0.000000
0.945000 0.000000 0.000000 1090.000000 100.000000 1.000000 0.000000 0.000000
0.946000 0.000000 0.000000 1090.000000 100.000000 1.000000 0.000000 0.000000
0.947000 0.000000 0.000000 1090.000000 100.000000 1.000000 0.000000 0.000000
0.948000 0.000000 0.000000 1090.000000 100.000000 1.000000 0.000000 0.000000
0.949000 0.000000 0.000000 1090.000000 100.000000 1.000000 0.000000 0.000000
0.950000 0.000000 0.000000 1090.000000 100.000000 1.000000 0.000000 0.000000
0.951000 0.000000 0.000000 1090.000000 100.000000 1.000000 0.000000 0.000000
0.952000 0.000000 0.000000 1090.000000 100.000000 1.000000 0.000000 0.000000
0.953000 0.000000 0.000000 1090.000000 100.000000 1.000000 0.000000 0.000000
0.954000 0.000000 0.000000 1090.000000 100.000000 1.000000 0.000000 0.000000
0.955000 0.000000 0.000000 1090.000000 100.000000 1.000000 0.000000 0.000000
0.956000 0.000000 0.000000 1090.000000 100.000000 1.000000 0.000000 0.000000
0.957000 0.000000 0.000000 1090.000000 100.000000 1.000000 0.000000 0.000000
0.958000 0.000000 0.000000 1090.000000 100.000000 1.000000 0.000000 0.000000
0.959000 0.000000 0.000000 1090.000000 100.000000 1.000000 0.000000 0.000000
0.960000 0.000000 0.000000 1090.000000 100.000000 1.000000 0.000000 0.000000
0.961000 0.000000 0.000000 1090.000000 100.000000 1.000000 0.000000 0.000000
0.962000 0.000000 0.000000 1090.000000 100.000000 1.000000 0.000000 0.000000
0.963000 0.000000 0.000000 1090.000000 100.000000 1.000000 0.000000 0.000000
0.964000 0.000000 0.000000 1090.000000 100.000000 1.000000 0.000000 0.000000
0.965000 0.000000 0.000000 1090.000000 100.000000 1.000000 0.000000 0.000000
0.966000 0.000000 0.000000 1090.000000 100.000000 1.000000 0.000000 0.000000
0.967000 0.000000 0.000000 1090.000000 100.000000 1.000000 0.000000 0.000000
0.968000 0.000000 0.000000 1090.000000 100.000000 1.000000 0.000000 0.000000
0.969000 0.000000 0.000000 1090.000000 100.000000 1.000000 0.000000 0.000000
0.970000 0.000000 0.000000 1090.000000 100.000000 1.000000 0.000000 0.000000
0.971000 0.000000 0.000000 1090.000000 100.000000 1.000000 0.000000 0.000000
0.972000 0.000000 0.000000 1090.000000 100.000000 1.000000 0.000000 0.000000
0.973000 0.000000 0.000000 1090.000000 100.000000 1.000000 0.000000 0.000000
0.974000 0.000000 0.000000 1090.000000 100.000000 1.000000 0.000000 0.000000
0.975000 0.000000 0.000000 1090.000000 100.000000 1.000000 0.000000 0.000000
0.976000 0.000000 0.000000 1090.000000 100.000000 1.000000 0.000000 0.000000
0.977000 0.000000 0.000000 1090.000000 100.000000 1.000000 0.000000 0.000000
0.978000 0.000000 0.000000 1090.000000 100.000000 1.000000 0.000000 0.000000
0.979000 0.000000 0.000000 1090.000000 100.000000 1.000000 0.000000 0.000000
0.980000 0.000000 0.000000 1090.000000 100.000000 1.000000 0.000000 0.000000
0.981000 0.000000 0.000000 1090.000000 100.000000 1.000000 0.000000 0.000000
0.982000 0.000000 0.000000 1090.000000 100.000000 1.000000 0.000000 0.000000
0.983000 0.000000 0.000000 1090.000000 100.000000 1.000000 0.000000 0.000000
0.984000 0.000000 0.000000 1090.000000 100.000000 1.000000 0.000000 0.000000
0.985000 0.000000 0.000000 1090.000000 100.000000 1.000000 0.000000 0.000000
0.986000 0.000000 0.000000 1090.000000 100.000000 1.000000 0.000000 0.000000
0.987000 0.000000 0.000000 1090.000000 100.000000 1.000000 0.000000 0.000000
0.988000 0.000000 0.000000 1090.000000 100.000000 1.000000 0.000000 0.000000
0.989000 0.000000 0.000000 1090.000000 100.000000 1.000000 0.000000 0.000000
0.990000 0.000000 0.000000 1090.000000 100.000000 1.000000 0.000000 0.000000
0.991000 0.000000 0.000000 1090.000000 100.000000 1.000000 0.000000 0.000000
0.992000 0.000000 0.000000 1090.000000 100.000000 1.000000 0.000000 0.000000
0.993000 0.000000 0.000000 1090.000000 100.000000 1.000000 0.000000 0.000000
0.994000 0.000000 0.000000 1090.000000 100.000000 1.000000 0.000000 0.000000
0.995000 0.000000 0.000000 1090.000000 100.000000 1.000000 0.000000 0.000000
0.996000 0.000000 0.000000 1090.000000 100.000000 1.000000 0.000000 0.000000
0.997000 0.000000 0.000000 1090.000000 100.000000 1.000000 0.000000 0.000000
0.998000 0.000000 0.000000 1090.000000 100.000000 1.000000 0.000000 0.000000
0.999000 0.000000 0.000000 1090.000000 100.000000 1.000000 0.000000 0.000000
