./buscaR/busca.001.jpg 025 034 052 059 028 024 043 102 080 115
./buscaR/busca.002.jpg 076 095 003 016 005 089 103 030 007 099
./buscaR/busca.003.jpg 076 099 005 003 095 007 048 079 086 023
./buscaR/busca.004.jpg 119 086 108 084 055 030 001 062 047 092
./buscaR/busca.005.jpg 101 092 110 063 070 050 049 119 030 099
./buscaR/busca.006.jpg 077 018 118 060 082 099 119 022 097 053
./buscaR/busca.007.jpg 102 048 036 078 079 032 043 116 083 059
./buscaR/busca.008.jpg 110 059 029 115 063 030 009 109 085 092
./buscaR/busca.009.jpg 011 118 018 089 093 094 083 029 040 071
./buscaR/busca.010.jpg 074 114 107 019 068 021 087 067 090 084
