./buscaR/busca.001.jpg 050 049 059 097 107 079 010 108 057 116
./buscaR/busca.002.jpg 098 022 029 003 010 108 031 089 095 011
./buscaR/busca.003.jpg 013 008 084 031 086 095 092 110 057 098
./buscaR/busca.004.jpg 086 008 079 009 010 013 057 084 031 108
./buscaR/busca.005.jpg 110 013 096 004 086 010 084 001 031 058
./buscaR/busca.006.jpg 100 018 118 082 103 104 074 070 072 053
./buscaR/busca.007.jpg 004 053 118 119 096 101 082 092 100 035
./buscaR/busca.008.jpg 008 010 047 003 062 090 116 049 020 097
./buscaR/busca.009.jpg 018 118 093 100 074 082 022 098 094 035
./buscaR/busca.010.jpg 101 066 058 092 065 119 019 098 030 013
